   6.09988753613569        4.55704151994945       -9.36247870596622     
  0.935440384555807        1.73621880709128        1.16125788945096     
  -4.20995589711062        8.51672506608143       -2.81923864485476     
  -2.59845139964873      -0.850301809737295       -1.37730187134382     
  -2.40038527363573        2.31704703390085       0.929129751853657     
   4.60324063490864        5.02582460045585        1.13172330716461     
  -4.88471077065933       0.943644051537728        4.39478045495056     
   4.44514191608738        1.98738972140854       -2.22282326265237     
   3.30987494966917        8.22071196919330        1.73479020011479     
  -3.28519896568819      -0.682279098776039        4.80144502973315     
  -1.17876012818637       -4.03993658879520        5.43016750903996     
   2.92829786842005       -4.19056682204742       -5.47234135454008     
   1.05611195311393       -3.48463997533283      -2.841009405202127E-002
   7.36743097483721     
