   7.64419401984497        4.76864082055839        7.66363962153408     
  0.764585530846271      -0.650703956051652       -8.19128933188485     
   5.16475233202983       -7.45927616676243        7.41645513586637     
 -0.902621083298134        4.25229349240890       -5.73695303762377     
   1.43149101719108        3.13712350402748        2.46269495195200     
   2.34737603437479        2.59682614390282       9.022299557409880E-002
  0.716537246902317        1.50691335466114       -2.07775289500551     
   5.62712440188301        3.26530022432586       -5.09391761989471     
   4.38670302874862       -2.63659576611157        4.11001444764026     
   6.50632582280676       0.154877315817668       7.280104616102227E-002
  -9.53207488182295        2.07810392446761       -3.38390470372135     
   1.62222268427206       0.157190325372469        3.10260319789930     
   2.29811709157189       -2.43724203070885        4.81036541931380     
  -2.67990647712352     
