   4.26676103969788      -0.872557360756850        3.69837976729603     
   2.96983707343980      -6.575305275107246E-002  -3.86456945840660     
 -0.882384146099281       -1.40755635203900       -6.00414043308790     
  -8.00819232160985       0.238889125318068        1.34594994802295     
   3.09780148012243       -2.20861372432306       -1.88597897082018     
   3.03496485481597        1.68996439019543       -4.40237517198635     
   5.45849438476004        2.14582744631699        5.35655389321365     
  -2.04403455077807       -1.01578887381686       -5.96016828744406     
  -1.73234274017118        6.14029003396846       -7.30402502270513     
   5.94607367898162        2.67312849276509        2.16686411024231     
  0.471749221952018        4.42387935054941        5.13672939810063     
  -1.24130797363407      -0.993970755714695        5.75373423242354     
  -1.51138345173913       -2.88227885262747       -1.23697613605436     
   5.55378051571144     
