  6.799671938748858E-016
  6.676526375789322E-016
  7.496933396471135E-016
  9.145630945179989E-016
  1.160857846640967E-015
  1.485991906339283E-015
  1.878232247362829E-015
  2.314513891674574E-015
  2.765786986472917E-015
  3.218619721242935E-015
  3.713829970671710E-015
  4.371544951471254E-015
  5.365167119239324E-015
  6.866899106070449E-015
  9.069043545695806E-015
  1.231468904619537E-014
  1.704694070634834E-014
  2.347882634589127E-014
  3.158713844791848E-014
  4.139923787628899E-014
  5.278630193587745E-014
  6.492324414848529E-014
  7.632389796742179E-014
  8.583030382958192E-014
  9.302349083982090E-014
  9.746984465987436E-014
  1.005244079848570E-013
  1.070244099145825E-013
  1.227147984041210E-013
  1.505639379280036E-013
  1.850912148707631E-013
  2.160715281583933E-013
  2.440096428030765E-013
  2.826008051646087E-013
  3.460387675328240E-013
  4.415888203660106E-013
  5.720187681405589E-013
  7.442602653825846E-013
  9.693908596480279E-013
  1.251282296084331E-012
  1.543352601911643E-012
  1.736708560800200E-012
  1.824910005424618E-012
  1.947901288654466E-012
  2.189311470729603E-012
  2.531267264640972E-012
  2.922964307520603E-012
  3.327178582303354E-012
  3.786109054105025E-012
  4.378806332866846E-012
  5.043610075762199E-012
  5.628507862848606E-012
  6.295152994840154E-012
  7.514626088414996E-012
  9.598833945468632E-012
  1.256136699816639E-011
  1.616485145678161E-011
  1.995558657064412E-011
  2.348665910111724E-011
  2.687501776546277E-011
  3.142033699318748E-011
  3.978321495192596E-011
  5.545130009730293E-011
  8.054638966499763E-011
  1.112357843949558E-010
  1.366877658485781E-010
  1.494216033208841E-010
  1.547901596380642E-010
  1.632765269487634E-010
  1.800056922443991E-010
  2.087290016172009E-010
  2.536861159134504E-010
  3.171630843173763E-010
  4.018159358611192E-010
  5.098728777180382E-010
  6.354515171849208E-010
  7.519723236810520E-010
  8.677149472353112E-010
  1.191304255267112E-009
  2.064925874345143E-009
  3.542954869779662E-009
  5.220023226917785E-009
  6.627064402050582E-009
  7.714704164089176E-009
  9.031411850053053E-009
  1.174362721650567E-008
  1.775333034972491E-008
  2.994187675449908E-008
  5.236820326002846E-008
  8.975663806518629E-008
  1.439306188330442E-007
  2.035843987950774E-007
  2.375118245956736E-007
  2.301537901654441E-007
  2.181051966550800E-007
  2.166848762583887E-007
  1.980440876652237E-007
  1.623420725502949E-007
  1.390880227649115E-007
  1.525769086866804E-007
  2.068484065801742E-007
  3.041043819818716E-007
  4.447937037563135E-007
  6.035132280430971E-007
  7.086437604131307E-007
  7.157464758981117E-007
  7.015284560299899E-007
  7.842744633939937E-007
  1.001129138377795E-006
  1.264984506553674E-006
  1.408990679194151E-006
  1.420322604636403E-006
  1.509494636410379E-006
  1.866999957898056E-006
  2.522441186669789E-006
  3.356047077983309E-006
  4.113439983777807E-006
  4.469298796556524E-006
  4.255361607378199E-006
  3.697539315277287E-006
  3.266718479570351E-006
  3.233825335116182E-006
  3.554108001517489E-006
  4.153749082664305E-006
  5.132733232748331E-006
  6.679822894264812E-006
  9.051597919664476E-006
  1.257128837670018E-005
  1.760880419142820E-005
  2.471067260731836E-005
  3.443665706656746E-005
  4.696064712534001E-005
  6.257112410334110E-005
  8.243448098028180E-005
  1.067424722211108E-004
  1.301651657379783E-004
  1.501116806025816E-004
  1.775911694138955E-004
  2.144926074757725E-004
  2.581919305847267E-004
  3.206933449950710E-004
  4.198188569069105E-004
  5.802228658483269E-004
  8.444186037220485E-004
  1.266248131677836E-003
  1.892155333073848E-003
  2.752420274559598E-003
  3.828122777033270E-003
  4.969449062154636E-003
  5.935662737509428E-003
  6.680266743258022E-003
  7.422777423536892E-003
  8.256730957898251E-003
  9.032069108387591E-003
  9.682024969892216E-003
  1.010507791377061E-002
  1.000751706193069E-002
  9.165241855681521E-003
  7.727774135326858E-003
  6.234172091567459E-003
  5.134269741965760E-003
  4.618825192616902E-003
  4.682952459877211E-003
  5.030616279968202E-003
  5.220294900379255E-003
  4.972182535867739E-003
  4.356819338096368E-003
  3.815151542502455E-003
  3.726533013437212E-003
  4.254305683559828E-003
  5.487420395734933E-003
  7.498324867092396E-003
  1.031423172425536E-002
  1.386290644896348E-002
  1.805984636700783E-002
  2.281476227795802E-002
  2.826983922141292E-002
  3.519343578517276E-002
  4.458361880700313E-002
  5.616326870148815E-002
  6.731359273326259E-002
  7.469765773128913E-002
  7.826218947875588E-002
  8.475586161574976E-002
  0.106692818607767     
  0.153327909508030     
  0.224948915383028     
  0.319726835484057     
  0.441954920565653     
  0.600574413449887     
  0.801120867915130     
   1.03560346215300     
   1.27307657082529     
   1.45720808814284     
   1.53707048960204     
   1.57300278823465     
   1.71773887504574     
   1.98343488120401     
   2.22813033080813     
   2.44844899471607     
   2.89453122897489     
   3.88082783821494     
   5.66464775735561     
   8.37338381254528     
   11.6708965200551     
   14.4537579322009     
   15.6445141036638     
   15.3823110579388     
   14.7490023188441     
   15.2629969942918     
   18.3954490606087     
   24.5324485008318     
   33.2633257884054     
   44.5622835802548     
   59.3294282673941     
   79.1326924737259     
   106.269087286641     
   139.597770015309     
   171.149055667099     
   197.734788907725     
   223.805508063428     
   248.723114440794     
   265.216460162979     
   269.457450536032     
   265.492830710399     
   262.338730583607     
   269.042326552305     
   287.726452151836     
   311.435809583267     
   332.305194279802     
   349.817064379819     
   368.106804723431     
   387.201081910056     
   403.927998843177     
   416.172030678546     
   423.002182633813     
   422.818744662395     
   416.021209026605     
   411.033381198793     
   417.008813869102     
   432.382308712321     
   454.022210381589     
   486.604365850833     
   525.659079151220     
   549.611809942950     
   545.733393271817     
   526.773923888002     
   511.085968175968     
   505.079163395938     
   508.467880131830     
   520.108985617622     
   538.110879483428     
   560.824897584696     
   586.114642472217     
   610.948648220647     
   634.202283817369     
   657.345699023438     
   681.484555328822     
   706.084648543765     
   728.867629922661     
   745.375984836154     
   753.932824936532     
   759.357305154275     
   767.704774153890     
   781.481932689706     
   799.689211051518     
   820.047043638535     
   840.731109216256     
   858.875083824244     
   869.999210242718     
   872.886586943347     
   875.267752290067     
   888.810684886578     
   913.951556752547     
   938.507237178150     
   948.750068151681     
   939.682739250889     
   922.399873160826     
   911.729939589543     
   911.328416805801     
   919.107722842981     
   934.838211834340     
   957.555934638238     
   983.860146933858     
   1008.71580144438     
   1026.55342055535     
   1035.20820235280     
   1039.42895555561     
   1048.26597046880     
   1066.56491938707     
   1091.19718977499     
   1117.34625601590     
   1141.79544416812     
   1160.49840726378     
   1171.65215720191     
   1176.36761154993     
   1170.58736472293     
   1147.55211912172     
   1110.67565301933     
   1076.60525226760     
   1064.28347433894     
   1076.05140204461     
   1097.79039703735     
   1118.85119587906     
   1134.80303970869     
   1141.60227536360     
   1136.40730654431     
   1122.02675302248     
   1104.57926948696     
   1086.60168293789     
   1066.37396084387     
   1042.72126747415     
   1018.53090011055     
   1000.12073554906     
   994.272106457442     
   1005.19951359826     
   1033.17720914329     
   1076.06663057233     
   1129.78647164323     
   1184.45565127454     
   1224.84818924193     
   1239.02352932901     
   1223.12993224039     
   1179.78225124445     
   1118.86094175417     
   1057.55297936707     
   1012.66712758547     
   992.262573993791     
   994.597379319879     
   1012.03320195640     
   1034.71747779178     
   1052.90958899095     
   1059.73141619199     
   1054.33514847450     
   1042.57769188749     
   1033.99145588584     
   1037.55709612526     
   1058.89613875588     
   1098.54418704349     
   1149.30892657158     
   1195.38983688254     
   1221.58335456981     
   1227.09186078729     
   1222.95002248009     
   1213.91140564776     
   1190.54052045883     
   1147.08819190742     
   1097.60099675866     
   1062.34354854432     
   1049.46912462820     
   1054.11548887600     
   1067.19242462250     
   1081.59906900028     
   1092.31645911314     
   1095.94478520404     
   1093.69148152395     
   1089.79918927101     
   1085.28649859408     
   1077.95076294754     
   1065.58790874147     
   1047.35064211731     
   1027.28426837225     
   1015.67115680214     
   1022.20766018807     
   1046.31863516248     
   1075.17442015229     
   1094.95951390086     
   1103.48082102237     
   1107.91232490873     
   1115.41867691747     
   1128.59586243516     
   1141.71787305505     
   1141.34951809182     
   1121.80815707671     
   1096.21817506615     
   1082.97863325297     
   1087.21662219438     
   1100.56349616227     
   1112.09431321018     
   1115.14904572353     
   1108.89036429312     
   1096.79366113201     
   1084.25623812110     
   1076.72854520215     
   1075.27656275645     
   1073.29767857038     
   1061.96755959820     
   1039.33368771423     
   1013.67003647889     
   995.921753035241     
   988.649366801429     
   986.424364047262     
   984.109764189124     
   981.630858046963     
   981.991452145461     
   987.587169853483     
   999.499036235596     
   1018.69662840199     
   1044.33892113440     
   1069.95304856073     
   1087.11727457458     
   1091.98566177044     
   1085.54161411901     
   1071.21661352699     
   1053.35079696158     
   1036.77241446906     
   1026.24552152273     
   1025.94773786373     
   1038.49062940141     
   1061.12443649947     
   1083.54861624679     
   1096.03193276307     
   1099.52075394115     
   1100.23201711705     
   1099.38864629532     
   1095.66571826839     
   1089.97586139448     
   1083.12428062110     
   1075.97222373618     
   1069.37845728905     
   1062.31185949562     
   1054.49969181283     
   1049.44495416981     
   1052.34588919766     
   1063.87459426140     
   1077.80027117718     
   1085.84513304062     
   1083.28501451452     
   1072.33541455135     
   1064.80696725597     
   1070.20496742561     
   1079.51800935574     
   1081.50941088295     
   1076.08139870181     
   1062.56671076817     
   1039.11226872184     
   1010.28166311848     
   986.219812790621     
   975.370958723298     
   978.383509254482     
   988.227997377541     
   997.600437526165     
   1001.62136753377     
   995.884034153306     
   980.500523766373     
   962.910544303082     
   952.062921234742     
   952.106719660343     
   962.319393733189     
   980.270251658885     
   1004.86912874514     
   1035.52463217722     
   1068.53935713193     
   1099.99415428102     
   1129.60442982433     
   1155.09548862932     
   1165.08052815681     
   1149.40704125725     
   1119.95716535617     
   1100.50082431308     
   1097.84973876625     
   1103.96874745571     
   1113.36423609400     
   1124.14430655575     
   1132.83954580888     
   1134.25964650099     
   1125.04238652254     
   1106.08970905462     
   1081.49349222283     
   1055.67122866224     
   1031.10808016945     
   1010.59751165391     
   1001.74988738108     
   1012.56562135614     
   1039.07652938430     
   1064.02102175533     
   1072.74087130017     
   1066.02825387440     
   1054.94327003970     
   1049.31513100017     
   1051.77533862989     
   1057.63628417180     
   1060.05390359058     
   1057.49052342563     
   1055.04648321258     
   1056.69699714740     
   1059.52555143130     
   1059.54398507880     
   1057.80508475349     
   1057.53502032862     
   1061.59474690653     
   1070.83180335117     
   1080.92485159619     
   1084.76899884069     
   1079.82816986067     
   1072.18505200224     
   1070.97922491641     
   1078.01064167455     
   1084.35308882569     
   1077.86201833899     
   1053.79333514804     
   1018.35500420695     
   983.321534679582     
   958.753762572735     
   950.500311111513     
   960.960944075509     
   988.026986586444     
   1023.73975454387     
   1059.30958389668     
   1092.03808222478     
   1124.73998006013     
   1158.18469081608     
   1182.01438511690     
   1178.40191323135     
   1141.45725223558     
   1089.94431786532     
   1052.94372664313     
   1046.54473763231     
   1065.03203745291     
   1087.85282906700     
   1098.79862781099     
   1099.75737778522     
   1104.08310836818     
   1118.86430192250     
   1135.43248448963     
   1138.90797407343     
   1122.60589927240     
   1091.35016342396     
   1056.94367350594     
   1030.35751885700     
   1016.26771212423     
   1014.25473626088     
   1022.06902854869     
   1037.10578286782     
   1056.04129031554     
   1073.57247550927     
   1082.58800378786     
   1079.69819635756     
   1073.23548216945     
   1078.29034235798     
   1098.95635168259     
   1123.36083558313     
   1134.45125053279     
   1122.96393277714     
   1098.85710676958     
   1082.53033536483     
   1082.13207167409     
   1088.85362790038     
   1090.83833125805     
   1082.74426347490     
   1066.40651891323     
   1050.02247075498     
   1046.06895998742     
   1060.47069111270     
   1087.45491449092     
   1114.28325175055     
   1129.47365884653     
   1131.54031156784     
   1123.85869158136     
   1106.32788872901     
   1078.26627668121     
   1042.66713399387     
   1006.47240994291     
   977.938880479656     
   962.020912087769     
   958.538651235938     
   964.759567604493     
   977.837176404609     
   993.250154731146     
   1004.08047648156     
   1006.96869815722     
   1005.95095338845     
   1007.09531064496     
   1013.75123307802     
   1027.18754601470     
   1045.69610519609     
   1063.63779668616     
   1075.88370602859     
   1082.16046843623     
   1085.95379127451     
   1091.14551316549     
   1099.41061804900     
   1108.37545978732     
   1112.59669108847     
   1110.10689889254     
   1106.81120918048     
   1106.37396211038     
   1106.19120796778     
   1106.01377149410     
   1107.82237036728     
   1110.88398764438     
   1111.45994398063     
   1109.35475297312     
   1111.46621422826     
   1121.92832501567     
   1133.67834735355     
   1137.52576023499     
   1133.50552654452     
   1128.11675200451     
   1125.17455461992     
   1123.57403608457     
   1121.56091464598     
   1118.46193740338     
   1113.30144302665     
   1104.76384313448     
   1093.71584258939     
   1084.64807021745     
   1081.72054761473     
   1083.20460920837     
   1083.21547310895     
   1078.77908370914     
   1071.99275952694     
   1067.39587227343     
   1067.99014657842     
   1070.77612432902     
   1067.41304829882     
   1052.44970304547     
   1029.94775799432     
   1010.55594017279     
   1003.98809645307     
   1013.41388156365     
   1031.46342378790     
   1043.90736058588     
   1042.93454754610     
   1032.65514915797     
   1021.43748251917     
   1016.15639421854     
   1020.82945578488     
   1033.46419281860     
   1045.15756792193     
   1045.36279119951     
   1031.31641461288     
   1011.27338369389     
   995.696131831368     
   988.184299883415     
   985.350600729516     
   982.191370772001     
   977.143486548115     
   972.785510444664     
   972.256394600433     
   976.964081169917     
   988.319859883478     
   1009.20711034572     
   1039.31885793780     
   1068.65863654857     
   1084.79492734347     
   1085.00711961369     
   1074.47880403175     
   1060.89098758486     
   1052.93476914685     
   1055.82129956280     
   1066.78094868337     
   1077.53007431217     
   1080.72391495681     
   1073.93766472228     
   1059.75141208272     
   1044.59819428583     
   1036.72244598637     
   1041.25733711361     
   1055.34715292930     
   1069.78657870312     
   1077.21536866585     
   1079.59848921574     
   1086.06471480747     
   1101.42202004322     
   1121.02422713135     
   1136.75532243437     
   1142.46324519928     
   1135.67773185230     
   1118.76731824833     
   1099.42810752425     
   1088.40774599855     
   1094.85122847362     
   1121.02800937047     
   1154.48678797083     
   1170.32277385358     
   1157.59692062124     
   1130.78680949945     
   1106.75251293169     
   1089.20675683237     
   1074.77673796926     
   1061.26544000943     
   1048.48439610063     
   1035.88506827975     
   1023.04950346618     
   1012.37859086889     
   1008.11356674602     
   1012.11055630872     
   1024.95365592661     
   1049.14712141073     
   1082.73546692900     
   1116.04943737673     
   1139.46459761345     
   1147.35463737532     
   1136.15217922727     
   1105.08465611516     
   1060.46360059176     
   1015.32364305576     
   982.703142303838     
   970.617287724651     
   981.428178123772     
   1010.77921160909     
   1046.61150955033     
   1075.04811192039     
   1088.26409020797     
   1085.99195160235     
   1073.60653185166     
   1059.27909228894     
   1049.27607222730     
   1045.38306585873     
   1048.05999171058     
   1057.82737877192     
   1070.31289192272     
   1077.42478082547     
   1074.87472244619     
   1063.21992614473     
   1044.25513671019     
   1019.88743045759     
   995.228615911575     
   978.830806363977     
   976.534994563919     
   987.656249768949     
   1008.74671145457     
   1037.89416572205     
   1073.09931029399     
   1108.87096745176     
   1136.72514794344     
   1149.90041276085     
   1146.61970361319     
   1130.28102909758     
   1109.21182601585     
   1092.11471904768     
   1082.43259535469     
   1079.83926659595     
   1085.40743748045     
   1101.10335275568     
   1122.98944584515     
   1139.03087242837     
   1141.95902291850     
   1139.90717547680     
   1142.54188592042     
   1148.68199815613     
   1151.34908586769     
   1144.32405472814     
   1127.69197152441     
   1106.55390393286     
   1083.79986026693     
   1059.69951915715     
   1035.60839067478     
   1014.08376026867     
   997.453566119553     
   987.339409864538     
   985.163872543613     
   991.979633585847     
   1005.54960485833     
   1019.69368979539     
   1029.23912645174     
   1029.66976052400     
   1016.74797474997     
   995.603183812270     
   979.858815370236     
   978.864596059881     
   991.600768998154     
   1011.59857061333     
   1035.15591843342     
   1063.18811945693     
   1096.69862999496     
   1132.74347368408     
   1163.67372547606     
   1180.07679905712     
   1175.43739847173     
   1152.38056399746     
   1125.38742060549     
   1107.97347325169     
   1099.05037990998     
   1087.58147512233     
   1065.84870871564     
   1035.42289253301     
   1004.26896842636     
   980.898119633962     
   970.332910880865     
   973.306688624596     
   987.106592226377     
   1007.07618032412     
   1028.89053351931     
   1050.18580739240     
   1069.50804531852     
   1084.59945001801     
   1093.67583921486     
   1097.85365339506     
   1100.29635648866     
   1104.94171433534     
   1117.11190516561     
   1138.26586236576     
   1163.35888154025     
   1186.39874119663     
   1197.16085452400     
   1189.21582491192     
   1163.54703599955     
   1128.32750069640     
   1097.04240325952     
   1076.96379730301     
   1073.09022679554     
   1086.17225009849     
   1101.31540029062     
   1103.41460087713     
   1089.95193345915     
   1068.98356412717     
   1051.38019612574     
   1043.43230587638     
   1044.93019631079     
   1051.88882027042     
   1060.33140272436     
   1068.19072493135     
   1075.44646719251     
   1082.76692486984     
   1089.42067590201     
   1093.70351274114     
   1091.32516412058     
   1080.32800078397     
   1069.21999150715     
   1067.86848144835     
   1076.57958485860     
   1089.74820957806     
   1102.48713722335     
   1113.14181052011     
   1121.61688075158     
   1125.51985569345     
   1122.08618547653     
   1112.89104367074     
   1101.47170438177     
   1088.67515526426     
   1073.62836278530     
   1057.82108897938     
   1044.37800450968     
   1034.37781533676     
   1027.63664581606     
   1025.53451233671     
   1028.65635311397     
   1032.30547247108     
   1030.18177436796     
   1023.43838375841     
   1019.46298862859     
   1020.08808915474     
   1020.60990327319     
   1021.45337322851     
   1030.22191176654     
   1051.41516662314     
   1078.58054371417     
   1099.70984864284     
   1109.16800174903     
   1109.87921083134     
   1107.31904098414     
   1104.52679402459     
   1101.41231767700     
   1098.36292294177     
   1097.24664180026     
   1094.20874225010     
   1078.49675710053     
   1049.43539993035     
   1024.31947566824     
   1018.33914165622     
   1026.75356760183     
   1031.94390526695     
   1025.32331302711     
   1019.19053466072     
   1030.49144402401     
   1058.43512830058     
   1086.28280606436     
   1101.05441337983     
   1103.38528085281     
   1099.83387356523     
   1094.28512279140     
   1087.34581308828     
   1079.84228020265     
   1073.85516726598     
   1070.47375676804     
   1067.99940106781     
   1062.51815460405     
   1050.30016437940     
   1030.93515844651     
   1008.63237140169     
   989.456567934668     
   977.462847226326     
   973.867771604142     
   978.530179750598     
   991.492184864580     
   1013.10813361548     
   1041.26382939210     
   1068.76083456335     
   1085.35987482060     
   1086.44386481550     
   1077.48122159043     
   1064.43543092123     
   1050.38682598416     
   1041.36416686176     
   1043.47460929465     
   1056.78219935765     
   1076.57909360264     
   1098.65871783749     
   1122.08190743492     
   1146.24439849103     
   1162.92266485531     
   1157.55027609379     
   1123.24285645389     
   1071.80365758681     
   1027.29851020354     
   1006.17530291628     
   1008.18241772342     
   1024.57227640644     
   1046.16504220510     
   1063.15192805413     
   1068.45910935216     
   1064.49998819626     
   1059.59739992349     
   1060.53346344160     
   1069.05223361506     
   1081.79494562888     
   1096.27016327917     
   1115.58389429558     
   1140.07339232868     
   1162.09411104301     
   1172.08765013168     
   1164.28272230492     
   1141.53200967895     
   1110.91552875471     
   1075.13396450038     
   1034.50016880379     
   993.859579728143     
   962.297814452841     
   946.934589000215     
   949.512230893490     
   967.173658978207     
   992.480640944474     
   1014.91132863477     
   1027.86294413296     
   1035.10064521507     
   1045.66179217539     
   1059.18280021441     
   1065.23770731911     
   1064.02422383676     
   1068.45397446702     
   1080.97029876058     
   1090.09423315927     
   1089.64423291259     
   1085.63669127594     
   1085.51478826479     
   1091.03953874268     
   1097.57223146391     
   1096.49531645237     
   1081.24603888461     
   1054.03152541107     
   1026.29892672158     
   1010.50066013569     
   1010.98641516292     
   1023.39074677254     
   1041.59264042735     
   1062.31278403123     
   1082.71140125179     
   1096.92947007920     
   1097.86925728395     
   1083.07345782555     
   1058.62871801993     
   1036.34741456127     
   1025.92806413554     
   1029.20739628646     
   1039.69491320543     
   1045.54071609646     
   1036.94086567780     
   1013.50955525441     
   983.017095274310     
   954.138072714671     
   932.753107956236     
   922.634865934883     
   925.228676879645     
   938.875800955940     
   960.109706492964     
   984.782376580803     
   1008.53563862145     
   1028.74033825978     
   1044.54628290445     
   1053.46589437173     
   1051.81520283096     
   1041.85702242205     
   1034.26577409334     
   1039.95766703423     
   1062.14105714958     
   1095.26727509175     
   1126.76232687691     
   1140.78063322625     
   1127.10543802110     
   1090.12144623912     
   1046.61734413404     
   1012.72586561032     
   994.110165389113     
   987.334184901950     
   986.446863768614     
   987.585675708644     
   989.981856190396     
   993.861971118889     
   998.799318756246     
   1004.96237377106     
   1014.27785972566     
   1028.06089883068     
   1043.77428285460     
   1056.09898951149     
   1060.04144020805     
   1053.62302230863     
   1040.34379828502     
   1027.74158081275     
   1020.64673949361     
   1017.16816056806     
   1014.30226736217     
   1013.63368553373     
   1017.03151377694     
   1022.46851497811     
   1025.71480976871     
   1022.32594551921     
   1011.37813870918     
   998.310311236176     
   991.568466167224     
   996.860443457939     
   1014.32486554413     
   1038.44547990556     
   1060.25105121422     
   1072.28432545136     
   1072.51360767289     
   1063.97242497198     
   1052.83291819760     
   1045.73224812255     
   1047.05058491111     
   1058.61970741766     
   1079.86301536899     
   1105.99748664835     
   1127.06336984780     
   1134.29230457050     
   1130.54224547014     
   1129.85550270262     
   1142.83362048681     
   1166.19747551231     
   1190.25470025211     
   1210.21315309724     
   1224.28183215494     
   1228.54394882297     
   1219.60442079091     
   1199.72008793992     
   1178.03361118013     
   1166.11493517038     
   1170.05547809479     
   1186.46175435386     
   1203.91078755549     
   1206.74638169550     
   1186.03415178650     
   1151.92847172029     
   1122.30375280732     
   1102.30075289192     
   1085.59824699207     
   1067.69984549371     
   1050.38236551861     
   1037.92085758205     
   1033.46293805969     
   1037.02637781174     
   1043.75841761425     
   1045.41263955327     
   1038.96458157976     
   1030.19951184822     
   1025.90081398093     
   1026.29168324780     
   1021.85485842397     
   1009.52177078436     
   997.390614339276     
   988.387049345447     
   978.313737416727     
   967.625044099013     
   963.128661397880     
   969.028715839465     
   982.267089439054     
   996.081788510853     
   1006.30951708255     
   1014.06228093249     
   1022.98378505600     
   1034.49762507990     
   1048.49932228129     
   1069.08936500665     
   1097.24909470412     
   1124.51261745891     
   1141.83629722210     
   1146.40952334544     
   1142.08015052219     
   1130.78154077327     
   1108.40365245035     
   1072.93207206402     
   1031.10057742501     
   994.227162237261     
   971.125415812873     
   965.111858590589     
   973.585367302876     
   988.255082598277     
   999.208261944907     
   1002.02671622943     
   999.315697288820     
   996.628306878756     
   999.362492417043     
   1011.12468649143     
   1032.41281063917     
   1057.93291944516     
   1075.40785454423     
   1073.77588495547     
   1053.50216141591     
   1023.04954847629     
   989.081114775765     
   955.581243538789     
   927.266333834597     
   908.742516965637     
   901.910728204484     
   906.034573243730     
   918.252461695084     
   934.199744079464     
   951.050724462404     
   969.369207065309     
   990.424722599913     
   1013.30232143708     
   1034.59009111638     
   1048.67586847192     
   1050.67632774648     
   1042.18492419554     
   1032.03543275685     
   1029.60255237487     
   1038.82279169560     
   1058.04792212938     
   1082.49617732524     
   1104.88981808704     
   1116.01953035537     
   1109.49664131744     
   1086.77920076283     
   1055.92801704355     
   1026.68536918841     
   1006.93816724737     
   1000.86486278863     
   1007.97469011599     
   1023.78108897198     
   1042.16487037917     
   1058.16164511512     
   1071.01950913731     
   1086.02898040720     
   1108.20311909827     
   1131.53347272509     
   1142.48439131260     
   1133.14179515527     
   1110.94473013120     
   1095.85262800281     
   1098.23369086238     
   1113.73489134232     
   1132.98776640007     
   1143.52651640045     
   1137.11051731395     
   1119.45868037968     
   1104.00888503953     
   1098.60003083667     
   1100.22138794103     
   1101.81715449642     
   1101.01617820524     
   1099.91418003790     
   1100.87555791624     
   1105.84550899727     
   1114.35028320529     
   1120.04474826115     
   1116.26800400398     
   1104.07570146740     
   1090.44234521082     
   1082.50270516934     
   1084.14051091082     
   1094.32970428898     
   1107.68719802478     
   1119.10056345034     
   1126.52443172070     
   1127.93316615935     
   1123.13365614502     
   1118.11508762345     
   1120.26658857453     
   1125.18748597769     
   1125.94502637479     
   1127.13004023924     
   1127.40865254357     
   1118.44354345686     
   1099.87098931502     
   1078.83008258201     
   1060.89766965535     
   1049.33008855467     
   1046.52875289308     
   1052.14229593988     
   1063.06621120174     
   1076.15186290262     
   1088.64148855761     
   1094.79891716762     
   1088.23794141014     
   1071.46128827742     
   1057.60093358268     
   1060.53676162328     
   1083.30191403761     
   1114.92227681299     
   1136.71154641902     
   1136.29141625288     
   1118.50051428648     
   1097.80676762598     
   1083.29753619820     
   1071.25122468355     
   1053.66234745239     
   1034.30679056086     
   1026.19131419965     
   1035.74579961952     
   1057.81283398236     
   1080.65486780519     
   1092.66552858812     
   1090.67452268665     
   1081.21993777904     
   1073.60918032619     
   1076.92869744238     
   1099.26909285612     
   1138.03935145310     
   1179.02967472119     
   1211.63410333372     
   1230.74119520968     
   1234.49062636313     
   1222.09364808239     
   1194.51822569828     
   1158.23448664309     
   1123.56731871499     
   1097.67012835993     
   1079.50234698296     
   1062.37576178867     
   1042.13507182274     
   1022.34111678137     
   1011.56371216594     
   1016.55774543477     
   1036.44768097702     
   1062.26146799946     
   1084.33476528067     
   1099.91935044203     
   1111.20078622650     
   1119.35663292057     
   1123.38667837454     
   1121.32862074067     
   1111.09643112227     
   1096.11475672594     
   1089.33358057400     
   1102.99195184660     
   1134.14409017568     
   1164.45486667721     
   1178.55187828893     
   1180.35532254558     
   1182.14600209630     
   1184.27665414291     
   1180.75957426514     
   1174.74276462129     
   1167.72738219777     
   1151.35767956455     
   1121.42366397249     
   1086.42955969437     
   1058.08517916631     
   1042.10822634142     
   1039.55065832190     
   1050.24635078012     
   1072.57185884679     
   1102.08285556259     
   1132.72455924480     
   1160.62236590002     
   1184.15296264891     
   1198.91673131892     
   1200.21021634331     
   1191.46574366727     
   1178.15080926273     
   1155.94615433701     
   1118.52724212334     
   1072.94881558520     
   1034.98882979883     
   1014.54427821454     
   1009.59727356295     
   1010.22429148694     
   1008.50370289547     
   1005.45456984949     
   1009.57859551363     
   1029.34787883211     
   1060.79724720445     
   1087.05712956996     
   1099.32373987972     
   1102.51585252531     
   1103.43099231198     
   1105.52258548847     
   1106.35551219232     
   1097.31159625870     
   1073.12425677776     
   1039.64018276388     
   1008.62860422244     
   989.657955867268     
   988.166116983720     
   1004.88428756243     
   1032.88769879444     
   1061.38847351428     
   1081.10439273686     
   1081.64119947138     
   1058.47232877427     
   1026.10264549691     
   1009.77610462086     
   1021.83218616430     
   1053.99495574655     
   1091.46541155122     
   1123.35320782408     
   1140.59308964510     
   1140.70113666669     
   1130.29852390784     
   1116.04970710408     
   1101.27870617585     
   1091.72029313770     
   1094.51745730917     
   1108.90835670514     
   1125.63997152126     
   1137.93703903423     
   1145.41711552936     
   1145.97939745819     
   1132.02151054899     
   1098.41056337590     
   1051.58126519689     
   1005.42110293491     
   968.637614968281     
   941.841341586090     
   925.042394580193     
   921.585102751097     
   932.838031963629     
   955.269802175024     
   981.838520746637     
   1005.70832550662     
   1024.49185520436     
   1038.70733772581     
   1051.76201746642     
   1065.35302342726     
   1076.00333188911     
   1083.15967535951     
   1092.50467067472     
   1108.54475509303     
   1129.02079362936     
   1146.06960698340     
   1154.35464291293     
   1154.66192434669     
   1154.01001920935     
   1162.27257175634     
   1174.51893460323     
   1177.15927180942     
   1170.91196594230     
   1161.05931435166     
   1147.04799032900     
   1128.45142133924     
   1109.01877703071     
   1093.31227673628     
   1083.41569183532     
   1078.04174017061     
   1073.23092559043     
   1065.18453628825     
   1054.12744338826     
   1044.35859709298     
   1039.46521884462     
   1039.08793184284     
   1039.98119922415     
   1037.94691029498     
   1029.70321264393     
   1015.46970797215     
   999.847957675631     
   989.255269382820     
   988.318199778605     
   998.180757578284     
   1016.86394609338     
   1040.11751554099     
   1062.15394435640     
   1076.53376020614     
   1077.89633616889     
   1065.17149033455     
   1043.28578894919     
   1021.01413156997     
   1007.36630954681     
   1007.72213278682     
   1021.24529380916     
   1042.65096428535     
   1067.34104747258     
   1094.21593261911     
   1121.83129312883     
   1143.58660342913     
   1150.75301065629     
   1140.33824797488     
   1118.30449200799     
   1094.69851173352     
   1076.50811754775     
   1065.66628304071     
   1062.01827635215     
   1065.53618875261     
   1074.86891280449     
   1085.21268721417     
   1089.98824475421     
   1086.04196446236     
   1077.29720814577     
   1072.42067388897     
   1076.21347079291     
   1084.49036263050     
   1091.10313595659     
   1097.50401280095     
   1107.70606877689     
   1117.23848379417     
   1123.22338934642     
   1131.59508134571     
   1142.49716259767     
   1146.20169977243     
   1136.94103047404     
   1119.37034764493     
   1098.98016397938     
   1076.76316062368     
   1053.83605316030     
   1035.28052975244     
   1027.79391273058     
   1034.05423501043     
   1049.43398752556     
   1065.16851061347     
   1074.97310922253     
   1077.19312414340     
   1071.67851882339     
   1058.21232320536     
   1039.32088222127     
   1021.43762462207     
   1010.71475653556     
   1009.94863500074     
   1017.67405167798     
   1027.79460415742     
   1034.42828640795     
   1037.21220181524     
   1039.51590657577     
   1043.31362767048     
   1048.34714316412     
   1054.57520155183     
   1061.38613366563     
   1066.47156190180     
   1069.12792905569     
   1072.23906959310     
   1077.31545943974     
   1081.50999033735     
   1081.65744698027     
   1077.72590530099     
   1073.08635446384     
   1071.12587869058     
   1071.55406419081     
   1071.73414243916     
   1069.38242157791     
   1064.36531690160     
   1059.25688139237     
   1057.13891170049     
   1060.74740223998     
   1072.25732775654     
   1087.77403142422     
   1096.18803617474     
   1089.77100269479     
   1071.65245742413     
   1051.64952602191     
   1038.59935851130     
   1036.92794547855     
   1046.99115770187     
   1065.45271654251     
   1086.01194686730     
   1101.65959131872     
   1106.34975240844     
   1098.99353385201     
   1087.60664948252     
   1083.73009474878     
   1091.00097300100     
   1101.45932344356     
   1104.98129517402     
   1101.39985044555     
   1099.84826006039     
   1107.93707856280     
   1123.81192486945     
   1138.28696386342     
   1144.23245060635     
   1141.39268741708     
   1131.45394510051     
   1120.69556796590     
   1115.46026576736     
   1105.48211685347     
   1079.34195867990     
   1047.96441111750     
   1030.20021778872     
   1031.92249509431     
   1047.17860682874     
   1067.18428366921     
   1084.31108139659     
   1091.04598128099     
   1082.42943141066     
   1063.70446024748     
   1048.81642682888     
   1048.92742635800     
   1065.46919421635     
   1092.03439354270     
   1118.35778062615     
   1135.47445346549     
   1142.28542477218     
   1143.19009093854     
   1139.68066488330     
   1130.70531295175     
   1116.45569180381     
   1095.45254609314     
   1064.35911520868     
   1025.12700331354     
   988.504404830240     
   966.150780877761     
   961.199653589787     
   968.130889036356     
   979.005726757184     
   988.443948191840     
   994.453253023524     
   996.953468614115     
   996.534732506291     
   994.808090307117     
   994.771618485389     
   999.664403959631     
   1011.59865213187     
   1028.94507111489     
   1045.35915442779     
   1054.06356124968     
   1052.25549569017     
   1041.51312645640     
   1026.14991169896     
   1011.72036030233     
   1004.13211091020     
   1008.39889100314     
   1026.01040401158     
   1052.69273603793     
   1080.00415151743     
   1100.70063610436     
   1112.29586744724     
   1114.80863002680     
   1107.18249109943     
   1089.76217153668     
   1070.66657959754     
   1063.97019696148     
   1078.13569497014     
   1107.04390231403     
   1132.33885506308     
   1137.99276472128     
   1124.30598722242     
   1105.44805066250     
   1094.50520942328     
   1092.50652480528     
   1091.80702839457     
   1086.93332253007     
   1078.68430108195     
   1069.94767916613     
   1063.76634300452     
   1065.93266643158     
   1080.92312881389     
   1103.55337990517     
   1124.18658457157     
   1138.40301343116     
   1144.63656500221     
   1141.80176836153     
   1131.04601738132     
   1115.68988703429     
   1099.04799617230     
   1082.92176668018     
   1067.89897463001     
   1054.11943048322     
   1042.18964571610     
   1034.28004901452     
   1033.66944596875     
   1041.77154922076     
   1056.33612389087     
   1073.99859143738     
   1092.69608315579     
   1110.69968444927     
   1125.84801474906     
   1137.17803563478     
   1145.40391364919     
   1150.08948119787     
   1149.57521612617     
   1145.41741033189     
   1141.80275551459     
   1140.92090323887     
   1140.94165239381     
   1138.31834814630     
   1130.96978818405     
   1117.36414181881     
   1101.00543275371     
   1095.39845273104     
   1111.71354257447     
   1144.40278072288     
   1176.51327146637     
   1196.17647933061     
   1201.85290461630     
   1196.65690623865     
   1182.32492233361     
   1158.61448087382     
   1127.59375090149     
   1095.15110623343     
   1067.02747501331     
   1046.44419729800     
   1036.18547843101     
   1038.55636417196     
   1052.07051980691     
   1071.13808141195     
   1088.47300261934     
   1097.21025610073     
   1093.89533900062     
   1080.24661886301     
   1060.65021581424     
   1039.24112453654     
   1019.46364406711     
   1003.76674503360     
   993.963570531137     
   992.814168152635     
   1002.70475441759     
   1022.30041590498     
   1046.51811385614     
   1067.87888188840     
   1077.09666423310     
   1067.56462391627     
   1042.36454147862     
   1014.63880166646     
   998.806647089407     
   1000.47930340176     
   1013.68100039803     
   1027.40324961486     
   1034.58133348067     
   1034.82526783044     
   1031.67973128376     
   1029.11744678354     
   1028.37216177478     
   1027.03854960743     
   1023.13727684042     
   1019.01854165340     
   1019.01612676614     
   1024.80631518518     
   1031.77368548099     
   1029.51632239094     
   1011.55980033808     
   984.171977689496     
   961.065793124781     
   952.878022975547     
   962.734097499988     
   985.798931951450     
   1013.44173691800     
   1038.16702639946     
   1051.72156735768     
   1047.63941792164     
   1029.60431747246     
   1009.82614912619     
   998.455757370283     
   996.862202723828     
   1001.41321409903     
   1009.50388249922     
   1019.05689347068     
   1026.98247420492     
   1029.59551987260     
   1024.11536648307     
   1011.58376681802     
   997.132466873844     
   985.261182336262     
   976.708030585830     
   971.310484152040     
   971.322188512395     
   980.067483395669     
   998.929218809032     
   1026.28993258660     
   1056.31286884333     
   1079.58138596952     
   1090.60848872807     
   1093.90199908681     
   1097.98502077950     
   1104.80834919531     
   1108.76586039040     
   1105.86316040402     
   1099.50432490521     
   1094.55532433698     
   1091.01690922246     
   1085.02299994841     
   1073.35095044060     
   1056.80976238561     
   1037.14063057853     
   1015.57816835965     
   996.606004612503     
   987.677639173896     
   994.239094958153     
   1015.13151747508     
   1042.58610127915     
   1068.59521688604     
   1089.32885530274     
   1103.92544542029     
   1111.92476645618     
   1112.84809266082     
   1109.45257936355     
   1110.57691557230     
   1125.55076463751     
   1151.96672897106     
   1176.98595297671     
   1188.44555594983     
   1182.34840789042     
   1162.08042458369     
   1132.83858366861     
   1100.26535984634     
   1070.85458253304     
   1049.54617842895     
   1037.89796919974     
   1035.10591339125     
   1038.77630031785     
   1044.54685501935     
   1048.83968053152     
   1056.75773186474     
   1074.20270997477     
   1089.88398039498     
   1092.05545574313     
   1086.28307649835     
   1080.08088213639     
   1073.61432027308     
   1063.68614779376     
   1049.16783905011     
   1032.09510327177     
   1015.09901337699     
   999.966783714971     
   987.729312830650     
   978.197330691028     
   970.505573758641     
   965.771203547114     
   968.686279343024     
   984.882659802197     
   1014.15862855726     
   1047.32009471591     
   1075.51527536971     
   1099.84677868621     
   1127.48314235915     
   1157.63195722708     
   1178.79055945445     
   1181.05722666771     
   1171.58354866291     
   1168.75031090663     
   1180.60777774548     
   1203.71839994166     
   1227.93880313107     
   1245.31875544937     
   1259.68866858407     
   1268.14452624600     
   1257.84257553188     
   1224.95568965124     
   1179.16396078216     
   1131.55008347263     
   1087.17691079330     
   1046.67518872873     
   1009.39792228862     
   975.084114168121     
   944.561723967906     
   919.679159362993     
   902.483014902340     
   894.316538409955     
   895.682888789195     
   906.878532164905     
   928.449417380068     
   960.323345747244     
   999.494080156449     
   1038.87482148888     
   1069.75922688595     
   1085.98173531370     
   1088.52816164634     
   1084.70701220717     
   1081.59034306199     
   1084.62965402751     
   1096.57348722630     
   1111.02394883029     
   1114.82511265660     
   1101.05607016709     
   1074.55531362702     
   1045.14569875975     
   1020.81131780233     
   1007.21528259667     
   1008.14643480732     
   1023.67924765895     
   1048.15966869695     
   1073.90962543539     
   1097.56079665022     
   1116.39746174932     
   1126.37694331517     
   1129.96985275272     
   1135.15327860709     
   1144.72445483969     
   1152.34444666454     
   1148.14166693748     
   1127.34155764341     
   1094.26176439615     
   1058.29189470323     
   1026.78846310371     
   1003.27938409975     
   990.665458777284     
   990.801580120552     
   1000.27041804531     
   1011.01956613819     
   1016.34297024882     
   1015.84771447790     
   1014.61369337173     
   1016.35626398708     
   1020.17901535936     
   1024.50413233103     
   1030.80600198849     
   1040.17045348327     
   1049.28333516566     
   1052.79841217626     
   1046.26799650955     
   1029.08316945965     
   1007.34049096526     
   990.921874653322     
   986.284880678291     
   992.874411310395     
   1005.38736556665     
   1017.69667617183     
   1025.96825680492     
   1030.50117095247     
   1035.02594779711     
   1041.73433175069     
   1045.78876202946     
   1039.50828207486     
   1022.63271115390     
   1002.95999122596     
   988.115612622733     
   980.511118023853     
   979.774002000896     
   986.247105118090     
   1000.15513111368     
   1020.21245893769     
   1043.87170280936     
   1064.04925912416     
   1077.67898550323     
   1091.97928213186     
   1098.33556958606     
   1083.68184210486     
   1056.67344227124     
   1034.62466574754     
   1026.24597611456     
   1032.23474589750     
   1051.20354316028     
   1081.33709122490     
   1116.66975280591     
   1146.27226975397     
   1164.40969748651     
   1176.28595483364     
   1189.11263734503     
   1201.25622794561     
   1201.27310472601     
   1178.10233363646     
   1132.46027748222     
   1077.15239957542     
   1026.42685596770     
   987.338723465445     
   959.470990507599     
   939.787201498641     
   927.232743920195     
   923.471841364648     
   930.676029006900     
   949.506074891163     
   977.349572586263     
   1006.98554610650     
   1030.19501451537     
   1045.85447457101     
   1063.32850188513     
   1094.22441254134     
   1136.99492371555     
   1175.97456378252     
   1198.50681042465     
   1200.82600817151     
   1184.25820618962     
   1157.85417514475     
   1135.54161356723     
   1124.70035846794     
   1119.27152306862     
   1107.82048137693     
   1088.25180355323     
   1068.08490764007     
   1053.84654505806     
   1046.03363966754     
   1041.07931000141     
   1034.55659804562     
   1024.31626536775     
   1011.98201931083     
   1000.61359326087     
   991.024615208156     
   981.031591706410     
   967.579813561268     
   949.731474214991     
   930.565749247480     
   915.596339312144     
   909.250090039859     
   912.730821002899     
   923.318786790223     
   935.672848581934     
   945.312108226378     
   950.539184439123     
   952.119501271575     
   952.852457734959     
   956.285182806962     
   965.531563028099     
   984.361460431523     
   1015.98732368965     
   1055.93145746792     
   1092.53485953472     
   1119.21728397036     
   1135.19006326311     
   1137.76736059149     
   1122.31241767662     
   1087.43982494494     
   1038.48717238585     
   986.967231938472     
   946.972020804298     
   929.220821421208     
   936.153147297266     
   961.353413006160     
   993.370415187724     
   1021.82915889926     
   1041.82407518355     
   1053.73135190203     
   1059.88924276235     
   1061.48621420064     
   1058.01396716544     
   1049.27805823826     
   1037.42719993708     
   1027.52979377671     
   1027.23629195134     
   1042.48974742414     
   1068.57584938138     
   1088.75291327553     
   1088.83220386259     
   1071.42022326343     
   1050.83335440498     
   1039.23027283177     
   1039.17480091060     
   1043.90331565093     
   1043.77022558217     
   1034.06509274601     
   1016.62410173529     
   995.561434074002     
   973.545937099523     
   951.971853970384     
   933.890973716693     
   925.219038028342     
   930.879642810534     
   950.875963831091     
   980.794518046003     
   1013.23243515443     
   1039.65618062668     
   1054.97849984516     
   1060.26100821944     
   1059.87606131507     
   1058.46826652824     
   1061.12444921105     
   1072.76627388264     
   1093.21828459811     
   1114.64600710287     
   1127.65217187337     
   1127.86243067512     
   1117.90695245261     
   1105.08695812298     
   1095.22194424569     
   1087.55125497272     
   1075.41050335668     
   1052.26978993661     
   1017.70452662363     
   978.643394684227     
   945.888166692282     
   928.295754332521     
   928.562384511271     
   943.386190041672     
   966.766747569745     
   993.374390010411     
   1019.83816816600     
   1043.99308107468     
   1063.58659866701     
   1075.70419408901     
   1077.81687774025     
   1070.39418103316     
   1058.65140567516     
   1050.42909115891     
   1051.34467673398     
   1062.17219015959     
   1080.46255531665     
   1102.57192186881     
   1123.60701653460     
   1138.45052844015     
   1143.81666173534     
   1137.07710354064     
   1115.21399758382     
   1079.12779343347     
   1037.46049678653     
   1003.75282772359     
   990.569101485461     
   1003.75697837460     
   1036.60199887779     
   1071.67398300840     
   1094.16535338736     
   1100.62116344460     
   1096.20077143991     
   1087.79834048866     
   1079.26218788376     
   1071.09775289864     
