  2.301186524037151E-016
  2.145704039209345E-016
  2.081517963708023E-016
  2.092524613461139E-016
  2.168939806745108E-016
  2.305907885520907E-016
  2.502540748211182E-016
  2.761286620511560E-016
  3.087552818392090E-016
  3.489525389135149E-016
  3.978141999639756E-016
  4.567183471907237E-016
  5.273454120854074E-016
  6.117021640047523E-016
  7.121483339851785E-016
  8.314216584793919E-016
  9.726556295428442E-016
  1.139382071241266E-015
  1.335507717241704E-015
  1.565250273531544E-015
  1.833015139134360E-015
  2.143189545336295E-015
  2.499827334659448E-015
  2.906196791666899E-015
  3.364168793591994E-015
  3.873437269119143E-015
  4.430593735232934E-015
  5.028127530611650E-015
  5.653495192275514E-015
  6.288490339226479E-015
  6.909229086629273E-015
  7.487105038523363E-015
  7.991003692773010E-015
  8.390838745649277E-015
  8.662061489241910E-015
  8.790272033910396E-015
  8.774629139486977E-015
  8.628705138746143E-015
  8.377991767165044E-015
  8.054382972730444E-015
  7.689204001407701E-015
  7.307060145137501E-015
  6.922474002302026E-015
  6.540069577375516E-015
  6.157601502304718E-015
  5.770185933038478E-015
  5.374037617110668E-015
  4.968668903855325E-015
  4.557363258285275E-015
  4.146363397238435E-015
  3.743447355608505E-015
  3.356480458566185E-015
  2.992299876225026E-015
  2.656057113660112E-015
  2.350985022350890E-015
  2.078479821849595E-015
  1.838373907032589E-015
  1.629293849736643E-015
  1.449028443042174E-015
  1.294861178418218E-015
  1.163844815182667E-015
  1.053011669489656E-015
  9.595229282577138E-016
  8.807653146590899E-016
  8.144053511482739E-016
  7.584114594873340E-016
  7.110531409613880E-016
  6.708849805127304E-016
  6.367216305828057E-016
  6.076084224630713E-016
  5.827909368917853E-016
  5.616857746249981E-016
  5.438539248790904E-016
  5.289774782220843E-016
  5.168399733786906E-016
  5.073103622849684E-016
  5.003303744229924E-016
  4.959049449639525E-016
  4.940953161498292E-016
  4.950144064935490E-016
  4.988240124037569E-016
  5.057334305804990E-016
  5.159990439983964E-016
  5.299243986119603E-016
  5.478602115229066E-016
  5.702036499936030E-016
  5.973960625117922E-016
  6.299181357697578E-016
  6.682811949841359E-016
  7.130130690960566E-016
  7.646366381851922E-016
  8.236389062040930E-016
  8.904283221933440E-016
  9.652782150553992E-016
  1.048254856941838E-015
  1.139130096825208E-015
  1.237281042297671E-015
  1.341583241197368E-015
  1.450309354168612E-015
  1.561052193636979E-015
  1.670698206131234E-015
  1.775482887537496E-015
  1.871159884999755E-015
  1.953306247187985E-015
  2.017763508791944E-015
  2.061176989624047E-015
  2.081549107642518E-015
  2.078680497671479E-015
  2.054356786031390E-015
  2.012170019631605E-015
  1.956949638717541E-015
  1.893900166071943E-015
  1.827655972086249E-015
  1.761512774480910E-015
  1.697047837840408E-015
  1.634209248213172E-015
  1.571796188675507E-015
  1.508136769683686E-015
  1.441741004286132E-015
  1.371760691477838E-015
  1.298185553362448E-015
  1.221798058201364E-015
  1.143966520018984E-015
  1.066370679951875E-015
  9.907375241303769E-016
  9.186349701463370E-016
  8.513414903299241E-016
  7.897883709655367E-016
  7.345595724648515E-016
  6.859304302954525E-016
  6.439277316978733E-016
  6.083974125283548E-016
  5.790704265637882E-016
  5.556212234393461E-016
  5.377162939826431E-016
  5.250523664430164E-016
  5.173851658206521E-016
  5.145503730682285E-016
  5.164787069558356E-016
  5.232070807324081E-016
  5.348876583780265E-016
  5.517964227173564E-016
  5.743426871558705E-016
  6.030807761813140E-016
  6.387250005888087E-016
  6.821689635531615E-016
  7.345102496707497E-016
  7.970816113930979E-016
  8.714899080274728E-016
  9.596642646518687E-016
  1.063915212444376E-015
  1.187006929615117E-015
  1.332245184166170E-015
  1.503584141337359E-015
  1.705755897124656E-015
  1.944427450110263E-015
  2.226390841039703E-015
  2.559793424368508E-015
  2.954416715366595E-015
  3.422014030515633E-015
  3.976719252432571E-015
  4.635541562129510E-015
  5.418963936942656E-015
  6.351666660600693E-015
  7.463401070248384E-015
  8.790043265993391E-015
  1.037486248853556E-014
  1.227004419306299E-014
  1.453851320868835E-014
  1.725610729630725E-014
  2.051415502265498E-014
  2.442251279737389E-014
  2.911311208398550E-014
  3.474405595649945E-014
  4.150427964265929E-014
  4.961874569518539E-014
  5.935407132169704E-014
  7.102437026624309E-014
  8.499691715811236E-014
  1.016969871222535E-013
  1.216108629717329E-013
  1.452855119604425E-013
  1.733227974248175E-013
  2.063653143385372E-013
  2.450700783375123E-013
  2.900655038888326E-013
  3.418866781167005E-013
  4.008843925445128E-013
  4.671055285908717E-013
  5.401472449600390E-013
  6.189960566771398E-013
  7.018758581037549E-013
  7.861451597220981E-013
  8.682991586283256E-013
  9.441383442880381E-013
  1.009150039179408E-012
  1.059101293001003E-012
  1.090760157599320E-012
  1.102569214932757E-012
  1.095038178864193E-012
  1.070657932100481E-012
  1.033290307304819E-012
  9.872071241512371E-013
  9.361217003198806E-013
  8.825634258879246E-013
  8.277737213553326E-013
  7.720533021498977E-013
  7.153145957913145E-013
  6.575723098539939E-013
  5.992115794215121E-013
  5.410143479003448E-013
  4.840213494481028E-013
  4.293341192369228E-013
  3.779381942188154E-013
  3.305879060928363E-013
  2.877585727014174E-013
  2.496522223703868E-013
  2.162367238902238E-013
  1.873000682631058E-013
  1.625066730943840E-013
  1.414479137810885E-013
  1.236832793807433E-013
  1.087713302059466E-013
  9.629121478135397E-014
  8.585623787294198E-014
  7.712117946872039E-014
  6.978498295946101E-014
  6.359021340053034E-014
  5.832042414991791E-014
  5.379631252693480E-014
  4.987131551684774E-014
  4.642710440840700E-014
  4.336928374403809E-014
  4.062348200808639E-014
  3.813193438157099E-014
  3.585059641919945E-014
  3.374678613784336E-014
  3.179732618612634E-014
  2.998714274197959E-014
  2.830827027976211E-014
  2.675920797130684E-014
  2.534457152115398E-014
  2.407498166137584E-014
  2.296712523551109E-014
  2.204391512605642E-014
  2.133465998954589E-014
  2.087513311321205E-014
  2.070740162013123E-014
  2.087924449426570E-014
  2.144295432497027E-014
  2.245329069225279E-014
  2.396434488545035E-014
  2.602510366177773E-014
  2.867358690437179E-014
  3.192960562733751E-014
  3.578646454466334E-014
  4.020232333481592E-014
  4.509240637358407E-014
  5.032373385957228E-014
  5.571439382647160E-014
  6.103938102141272E-014
  6.604447373178520E-014
  7.046835396271648E-014
  7.407124557175377E-014
  7.666610242728305E-014
  7.814649970633676E-014
  7.850470736447122E-014
  7.783461785582349E-014
  7.631733701682109E-014
  7.419158156966406E-014
  7.171513972264578E-014
  6.912602143067011E-014
  6.661164469704439E-014
  6.429164129282299E-014
  6.221576422119114E-014
  6.037447960635043E-014
  5.871734470721220E-014
  5.717366771581549E-014
  5.567090877433888E-014
  5.414807988726904E-014
  5.256327377836954E-014
  5.089588391696018E-014
  4.914487740786081E-014
  4.732470586776999E-014
  4.546026860486011E-014
  4.358197739115491E-014
  4.172156818770615E-014
  3.990895609417701E-014
  3.817017492321933E-014
  3.652628432791447E-014
  3.499304931897282E-014
  3.358117634964278E-014
  3.229690538385213E-014
  3.114279084494102E-014
  3.011854445227990E-014
  2.922185149089617E-014
  2.844910536773958E-014
  2.779603156584141E-014
  2.725819126913217E-014
  2.683136763582755E-014
  2.651184544310744E-014
  2.629659831071684E-014
  2.618339854017518E-014
  2.617086340864454E-014
  2.625844936533074E-014
  2.644640265232909E-014
  2.673567144421543E-014
  2.712778138075359E-014
  2.762467296146256E-014
  2.822849629317024E-014
  2.894135587426184E-014
  2.976499561780683E-014
  3.070041260824051E-014
  3.174738725640279E-014
  3.290391812124863E-014
  3.416555272427849E-014
  3.552461194794882E-014
  3.696931688589619E-014
  3.848284474583989E-014
  4.004236659326673E-014
  4.161815588306977E-014
  4.317290326070956E-014
  4.466142835327353E-014
  4.603103679348815E-014
  4.722281847531168E-014
  4.817419949531970E-014
  4.882301446676952E-014
  4.911322051146033E-014
  4.900209250481072E-014
  4.846830599511235E-014
  4.751976103888018E-014
  4.619943766508854E-014
  4.458720694353270E-014
  4.279562631890816E-014
  4.095857914314209E-014
  3.921325223033315E-014
  3.767811014243837E-014
  3.643153828550529E-014
  3.549676275282156E-014
  3.483776573819479E-014
  3.436813014375813E-014
  3.397091551806030E-014
  3.352428233288562E-014
  3.292604767448660E-014
  3.211123724512125E-014
  3.105944545850995E-014
  2.979213638637057E-014
  2.836261299136260E-014
  2.684253653903179E-014
  2.530862259235218E-014
  2.383200281879660E-014
  2.247136683566879E-014
  2.126985798056052E-014
  2.025499739018460E-014
  1.944064180594905E-014
  1.883001829313099E-014
  1.841907988149106E-014
  1.819967490773305E-014
  1.816225005204065E-014
  1.829798156352727E-014
  1.860034598521993E-014
  1.906620876551806E-014
  1.969653946594157E-014
  2.049686824599934E-014
  2.147759031373771E-014
  2.265421048160530E-014
  2.404760376059465E-014
  2.568435300077063E-014
  2.759721247770251E-014
  2.982573769761297E-014
  3.241711653999943E-014
  3.542723498215989E-014
  3.892201166867842E-014
  4.297903905494941E-014
  4.768957437931600E-014
  5.316093090597589E-014
  5.951932832743030E-014
  6.691327053726791E-014
  7.551752859684799E-014
  8.553781595121542E-014
  9.721625069898448E-014
  1.108377044727765E-013
  1.267371368832040E-013
  1.453080052300001E-013
  1.670118164679676E-013
  1.923888453961691E-013
  2.220699704183078E-013
  2.567894630328227E-013
  2.973983925471902E-013
  3.448780511676382E-013
  4.003524390624868E-013
  4.650983412662553E-013
  5.405508424132064E-013
  6.283012266360483E-013
  7.300830757403608E-013
  8.477410164346784E-013
  9.831750439516665E-013
  1.138251840427320E-012
  1.314673358765162E-012
  1.513792762159806E-012
  1.736369541997209E-012
  1.982260621097860E-012
  2.250054149758067E-012
  2.536669195037917E-012
  2.836968567598120E-012
  3.143462536591139E-012
  3.446213133257153E-012
  3.733071204086827E-012
  3.990373771774953E-012
  4.204176192399783E-012
  4.361975747763005E-012
  4.454705006300270E-012
  4.478576500606324E-012
  4.436229855122959E-012
  4.336672548899689E-012
  4.193780793461642E-012
  4.023593520408506E-012
  3.841112146728874E-012
  3.657567806956201E-012
  3.478972801594526E-012
  3.306276979329528E-012
  3.136846140526282E-012
  2.966562450493387E-012
  2.791779417893845E-012
  2.610602908983201E-012
  2.423334026415039E-012
  2.232214819181835E-012
  2.040768897457124E-012
  1.853031687628181E-012
  1.672880381663849E-012
  1.503567130036841E-012
  1.347472536404769E-012
  1.206044643955086E-012
  1.079868009663591E-012
  9.688076793434768E-013
  8.721834816500398E-013
  7.889436510396692E-013
  7.178192575225903E-013
  6.574505982640893E-013
  6.064833640831365E-013
  5.636364719460126E-013
  5.277455940579034E-013
  4.977872292083070E-013
  4.728881478541655E-013
  4.523245623844726E-013
  4.355146805474100E-013
  4.220075503588369E-013
  4.114703976991860E-013
  4.036760413133390E-013
  3.984914662812708E-013
  3.958682470375111E-013
  3.958352263285083E-013
  3.984936618828679E-013
  4.040149321692830E-013
  4.126408302488354E-013
  4.246864560273064E-013
  4.405457295991830E-013
  4.606995823165351E-013
  4.857269290644971E-013
  5.163185776285005E-013
  5.532942833206344E-013
  5.976232019192569E-013
  6.504480234827792E-013
  7.131130735323098E-013
  7.871966313122577E-013
  8.745476171028291E-013
  9.773266128020955E-013
  1.098050861992091E-012
  1.239642392770712E-012
  1.405477645550437E-012
  1.599435874517858E-012
  1.825942006964121E-012
  2.089997450009261E-012
  2.397189377728703E-012
  2.753665175554013E-012
  3.166053885632205E-012
  3.641310761762541E-012
  4.186454778022571E-012
  4.808163039373632E-012
  5.512182254163753E-012
  6.302518720649387E-012
  7.180379225506282E-012
  8.142862174242735E-012
  9.181448694018182E-012
  1.028042418711714E-011
  1.141547379252392E-011
  1.255283034700527E-011
  1.364947917915482E-011
  1.465497927280683E-011
  1.551535576968444E-011
  1.617916122021906E-011
  1.660515236638214E-011
  1.677018180187718E-011
  1.667515679489197E-011
  1.634673243164978E-011
  1.583319964503060E-011
  1.519483086498240E-011
  1.449115097310994E-011
  1.376911229521634E-011
  1.305600561229336E-011
  1.235902996785980E-011
  1.167073069298661E-011
  1.097742501857509E-011
  1.026721487568599E-011
  9.535172694312594E-012
  8.784945631871672E-012
  8.027434808447614E-012
  7.277881457887273E-012
  6.552660051988276E-012
  5.866651050175657E-012
  5.231566733282629E-012
  4.655225639662697E-012
  4.141567895368619E-012
  3.691144312435607E-012
  3.301838810092310E-012
  2.969645965498413E-012
  2.689391265577610E-012
  2.455335714476951E-012
  2.261644683532995E-012
  2.102724692622787E-012
  1.973444598430344E-012
  1.869262941144959E-012
  1.786283837333117E-012
  1.721261864137430E-012
  1.671573240793122E-012
  1.635167127521993E-012
  1.610507526226713E-012
  1.596513333662495E-012
  1.592501667195777E-012
  1.598137670633983E-012
  1.613392565352175E-012
  1.638510677256066E-012
  1.673985460709980E-012
  1.720544081455923E-012
  1.779139836605605E-012
  1.850951517714599E-012
  1.937388705139300E-012
  2.040101868201264E-012
  2.160995990967039E-012
  2.302246205486178E-012
  2.466313548409997E-012
  2.655958421556915E-012
  2.874248582797544E-012
  3.124557474875363E-012
  3.410547371865433E-012
  3.736130156227641E-012
  4.105396536532358E-012
  4.522502240357041E-012
  4.991497345261751E-012
  5.516082794786412E-012
  6.099276910342343E-012
  6.742975365745224E-012
  7.447392145353133E-012
  8.210378544764362E-012
  9.026634886535564E-012
  9.886858067800868E-012
  1.077690939223839E-011
  1.167714110857713E-011
  1.256208156691198E-011
  1.340073469335082E-011
  1.415777532797885E-011
  1.479588239313991E-011
  1.527930644883235E-011
  1.557848849541745E-011
  1.567514484361810E-011
  1.556679294404483E-011
  1.526938667873226E-011
  1.481678105312948E-011
  1.425632984898722E-011
  1.364101317955741E-011
  1.301977391451303E-011
  1.242865323632015E-011
  1.188532472789853E-011
  1.138857793586709E-011
  1.092259377865971E-011
  1.046425922449319E-011
  9.990991341849308E-012
  9.486816263807465E-012
  8.945471883552428E-012
  8.370492875097478E-012
  7.773096256043449E-012
  7.169013661250990E-012
  6.575292878995346E-012
  6.007732187580145E-012
  5.479223179935248E-012
  4.998983879218911E-012
  4.572499732548468E-012
  4.201936068753916E-012
  3.886802072435516E-012
  3.624695862093704E-012
  3.412016904449628E-012
  3.244581717441055E-012
  3.118116306384196E-012
  3.028623825609935E-012
  2.972640680911148E-012
  2.947401422207928E-012
  2.950934864925105E-012
  2.982112937436556E-012
  3.040671246782249E-012
  3.127217269266205E-012
  3.243239026074943E-012
  3.391124450148443E-012
  3.574199567993403E-012
  3.796792170612800E-012
  4.064326834144382E-012
  4.383456934834713E-012
  4.762239649788255E-012
  5.210360803602208E-012
  5.739417797322197E-012
  6.363270743621536E-012
  7.098474363623358E-012
  7.964806238082746E-012
  8.985910748612908E-012
  1.019008262560856E-011
  1.161121961900539E-011
  1.328998065298290E-011
  1.527519420540735E-011
  1.762557192564207E-011
  2.041179511719486E-011
  2.371905721737015E-011
  2.765016448928267E-011
  3.232932064839442E-011
  3.790675012289212E-011
  4.456435039001579E-011
  5.252260793819675E-011
  6.204906685735140E-011
  7.346870630070870E-011
  8.717666611030809E-011
  1.036538624780283E-010
  1.234861622127973E-010
  1.473879406441127E-010
  1.762310413354688E-010
  2.110803940813681E-010
  2.532378414432607E-010
  3.042960858724047E-010
  3.662051143754185E-010
  4.413540037603722E-010
  5.326716781228595E-010
  6.437510062892577E-010
  7.790016188581810E-010
  9.438380237749882E-010
  1.144911039371681E-009
  1.390392277118622E-009
  1.690323420133385E-009
  2.057044371405338E-009
  2.505716974347334E-009
  3.054963875689200E-009
  3.727645062279336E-009
  4.551797379428810E-009
  5.561764435130297E-009
  6.799544886062912E-009
  8.316384859592626E-009
  1.017463311959035E-008
  1.244986239003583E-008
  1.523323237069879E-008
  1.863402277478223E-008
  2.278218903756716E-008
  2.783067719608292E-008
  3.395706326346654E-008
  4.136384076442470E-008
  5.027635608884166E-008
  6.093698617489326E-008
  7.359369865403005E-008
  8.848072249469482E-008
  1.057888798053539E-007
  1.256235270575779E-007
  1.479495419738088E-007
  1.725260106156664E-007
  1.988387521380258E-007
  2.260464634547593E-007
  2.529644648427189E-007
  2.781147551844978E-007
  2.998658672201493E-007
  3.166643068712041E-007
  3.273204014597144E-007
  3.312674841359157E-007
  3.286914868947963E-007
  3.204567673993556E-007
  3.078369445143724E-007
  2.921567947133289E-007
  2.744976831527456E-007
  2.555766634231780E-007
  2.358064565842706E-007
  2.154531075484595E-007
  1.947848803764042E-007
  1.741463200908882E-007
  1.539512364923642E-007
  1.346274641330290E-007
  1.165533082838429E-007
  1.000120764169637E-007
  8.517330524916224E-008
  7.209694839905158E-008
  6.075182942739117E-008
  5.103987427877688E-008
  4.282010468647700E-008
  3.592910006257299E-008
  3.019672069548382E-008
  2.545715891504319E-008
  2.155600388625531E-008
  1.835420136397356E-008
  1.572975670257497E-008
  1.357789766436355E-008
  1.181025703938621E-008
  1.035348952482075E-008
  9.147616152688270E-009
  8.144294863040112E-009
  7.305144760953602E-009
  6.600199824410821E-009
  6.006531037979879E-009
  5.507050413036742E-009
  5.089493140406087E-009
  4.745562886227652E-009
  4.470218217462957E-009
  4.261074009219273E-009
  4.117889494683635E-009
  4.042113743947033E-009
  4.036459467375706E-009
  4.104477076288584E-009
  4.250103112059663E-009
  4.477160943084549E-009
  4.788797716927636E-009
  5.186850773115531E-009
  5.671149890419869E-009
  6.238779416359146E-009
  6.883346421855212E-009
  7.594326332331716E-009
  8.356583147754197E-009
  9.150182448793016E-009
  9.950624845290994E-009
  1.072961684115813E-008
  1.145645696851654E-008
  1.210004224586509E-008
  1.263139504268674E-008
  1.302648504218449E-008
  1.326899883728164E-008
  1.335262412150521E-008
  1.328240213905904E-008
  1.307478717359477E-008
  1.275623886288584E-008
  1.236043421014556E-008
  1.192446378953950E-008
  1.148459786046235E-008
  1.107230816878921E-008
  1.071117752750855E-008
  1.041513486437162E-008
  1.018817318729190E-008
  1.002541882945306E-008
  9.915194566387856E-009
  9.841601708547722E-009
  9.787145265997528E-009
  9.735017949801213E-009
  9.670801523868800E-009
  9.583494672366521E-009
  9.465902353128723E-009
  9.314505416549959E-009
  9.128968553320885E-009
  8.911446924813153E-009
  8.665829301776216E-009
  8.397020595429819E-009
  8.110329291333760E-009
  7.810992056291436E-009
  7.503842000918830E-009
  7.193109573871950E-009
  6.882335082118436E-009
  6.574367828497189E-009
  6.271427072613708E-009
  5.975202832669776E-009
  5.686978643384312E-009
  5.407762815569068E-009
  5.138418883360844E-009
  4.879789420879763E-009
  4.632810102923743E-009
  4.398612745711073E-009
  4.178617139882593E-009
  3.974611859891271E-009
  3.788823989721517E-009
  3.623976925831748E-009
  3.483334174381923E-009
  3.370725414961561E-009
  3.290549128925651E-009
  3.247743888242378E-009
  3.247718131978592E-009
  3.296226181158114E-009
  3.399176757696909E-009
  3.562359958038950E-009
  3.791080269751970E-009
  4.089687784998948E-009
  4.461008345862656E-009
  4.905686965539065E-009
  5.421478109514514E-009
  6.002540983268032E-009
  6.638825993998923E-009
  7.315665950801938E-009
  8.013705606293386E-009
  8.709306631618182E-009
  9.375541705184346E-009
  9.983832341690915E-009
  1.050618743875702E-008
  1.091787083145005E-008
  1.120018788115706E-008
  1.134296812084732E-008
  1.134627475762555E-008
  1.122092752559101E-008
  1.098759551961762E-008
  1.067447859061125E-008
  1.031389068789716E-008
  9.938305503744876E-009
  9.576548729523289E-009
  9.250781584556140E-009
  8.974728203039375E-009
  8.753314211819609E-009
  8.583589585312655E-009
  8.456583334196287E-009
  8.359626766732642E-009
  8.278690864483983E-009
  8.200382825362101E-009
  8.113391485998248E-009
  8.009316861505232E-009
  7.882934412512714E-009
  7.732015998592376E-009
  7.556857561075969E-009
  7.359658134803967E-009
  7.143868762195275E-009
  6.913595246666255E-009
  6.673104291791051E-009
  6.426453689038637E-009
  6.177246033920958E-009
  5.928492020357074E-009
  5.682562522597213E-009
  5.441206769626994E-009
  5.205615281362572E-009
  4.976509445952028E-009
  4.754243592852943E-009
  4.538909419910609E-009
  4.330436219653476E-009
  4.128683298587706E-009
  3.933523225365069E-009
  3.744916105766145E-009
  3.562976039515374E-009
  3.388031356492523E-009
  3.220680242669547E-009
  3.061843015069425E-009
  2.912811632687670E-009
  2.775296055364321E-009
  2.651465785420063E-009
  2.543983340048390E-009
  2.456024506447154E-009
  2.391278059248842E-009
  2.353915268448975E-009
  2.348517200419781E-009
  2.379945877341562E-009
  2.453144383747410E-009
  2.572851813607628E-009
  2.743222605924114E-009
  2.967347556436879E-009
  3.246686806767675E-009
  3.580444144264804E-009
  3.964936683730414E-009
  4.393042298075108E-009
  4.853834264201097E-009
  5.332530731065512E-009
  5.810885537239075E-009
  6.268115841361623E-009
  6.682393501401751E-009
  7.032822072860731E-009
  7.301693834782707E-009
  7.476700481608152E-009
  7.552696720586467E-009
  7.532626546544317E-009
  7.427338202698329E-009
  7.254223944865959E-009
  7.034876057276311E-009
  6.792177791268129E-009
  6.547375202704864E-009
  6.317662123914675E-009
  6.114662808405534E-009
  5.943966950442760E-009
  5.805633795672545E-009
  5.695402436501251E-009
  5.606260873560656E-009
  5.530037602081804E-009
  5.458759422365091E-009
  5.385629627984424E-009
  5.305587210762438E-009
  5.215488231517974E-009
  5.113997080553237E-009
  5.001290801137841E-009
  4.878672529092218E-009
  4.748170276435430E-009
  4.612173121633897E-009
  4.473134071217110E-009
  4.333350484736158E-009
  4.194820008318090E-009
  4.059162131418809E-009
  3.927591796013309E-009
  3.800930777936291E-009
  3.679643734213193E-009
  3.563887983545538E-009
  3.453568617608475E-009
  3.348393010435439E-009
  3.247920964777635E-009
  3.151608503590856E-009
  3.058844665951385E-009
  2.968981636684641E-009
  2.881359190808600E-009
  2.795324837990599E-009
  2.710251274714796E-009
  2.625552847293846E-009
  2.540702736322679E-009
  2.455252514204948E-009
  2.368855604840262E-009
  2.281295971717931E-009
  2.192523040413833E-009
  2.102693366574267E-009
  2.012218814509788E-009
  1.921819924779831E-009
  1.832581629762377E-009
  1.746006452900287E-009
  1.664057786854477E-009
  1.589182889657142E-009
  1.524302158712608E-009
  1.472748612056704E-009
  1.438140253829033E-009
  1.424169435317983E-009
  1.434299030870947E-009
  1.471366776727891E-009
  1.537117373272681E-009
  1.631706291053068E-009
  1.753246459489833E-009
  1.897492704403141E-009
  2.057769493055252E-009
  2.225234767444201E-009
  2.389528826706586E-009
  2.539782837601117E-009
  2.665869315696295E-009
  2.759691874476498E-009
  2.816264757390912E-009
  2.834349144064834E-009
  2.816498759401182E-009
  2.768501726913511E-009
  2.698347749582734E-009
  2.614953575457171E-009
  2.526913907348941E-009
  2.441505099180783E-009
  2.364077089372797E-009
  2.297860959722006E-009
  2.244129014197344E-009
  2.202591293983450E-009
  2.171900071605900E-009
  2.150152566416090E-009
  2.135317084252624E-009
  2.125545331342876E-009
  2.119364724981890E-009
  2.115765235769883E-009
  2.114205715344308E-009
  2.114567033816102E-009
  2.117076576339940E-009
  2.122223342091253E-009
  2.130676962811035E-009
  2.143218574383532E-009
  2.160687184886027E-009
  2.183942118771162E-009
  2.213840169341007E-009
  2.251225039207936E-009
  2.296926243771105E-009
  2.351764669618185E-009
  2.416562233962695E-009
  2.492153445146369E-009
  2.579397023053380E-009
  2.679186041804995E-009
  2.792455271681632E-009
  2.920184507674030E-009
  3.063396675883177E-009
  3.223149412219250E-009
  3.400518623114097E-009
  3.596572284384156E-009
  3.812332439763109E-009
  4.048723065454697E-009
  4.306501230756318E-009
  4.586168894036680E-009
  4.887862851708897E-009
  5.211220976351934E-009
  5.555224165160248E-009
  5.918015654987584E-009
  6.296702872482652E-009
  6.687152108456740E-009
  7.083793286491346E-009
  7.479460963368502E-009
  7.865308028455490E-009
  8.230839175925287E-009
  8.564119807209005E-009
  8.852218863734095E-009
  9.081936017741280E-009
  9.240838580372369E-009
  9.318585967198389E-009
  9.308447589461175E-009
  9.208829031347763E-009
  9.024528223454675E-009
  8.767378214177090E-009
  8.455935779458774E-009
  8.113982520040687E-009
  7.767831454622680E-009
  7.442747401129916E-009
  7.159110063466261E-009
  6.929154234721656E-009
  6.755100905824399E-009
  6.629204617622141E-009
  6.535753104325363E-009
  6.454528321196533E-009
  6.364864568640762E-009
  6.249349335716115E-009
  6.096415047764630E-009
  5.901459630688216E-009
  5.666551787057910E-009
  5.399086911213521E-009
  5.109896814093192E-009
  4.811291799677504E-009
  4.515385448129860E-009
  4.232889453678963E-009
  3.972420672513466E-009
  3.740261951823831E-009
  3.540466574491818E-009
  3.375183914736689E-009
  3.245096990266531E-009
  3.149887837927954E-009
  3.088674448375052E-009
  3.060387730313337E-009
  3.064076160933910E-009
  3.099139021519893E-009
  3.165497145254201E-009
  3.263714093540794E-009
  3.395081841221365E-009
  3.561684437873058E-009
  3.766451530833006E-009
  4.013211655042830E-009
  4.306753178235090E-009
  4.652898937383131E-009
  5.058598992901574E-009
  5.532044553686355E-009
  6.082804921157038E-009
  6.721988152962253E-009
  7.462424911589807E-009
  8.318873463061639E-009
  9.308241816061926E-009
  1.044982029368655E-008
  1.176551411550248E-008
  1.328006049536009E-008
  1.502120794330704E-008
  1.701982648110726E-008
  1.930990593366367E-008
  2.192838502550834E-008
  2.491473660398846E-008
  2.831021429824678E-008
  3.215664448451292E-008
  3.649462706059903E-008
  4.136099373249993E-008
  4.678537061012828E-008
  5.278571390737130E-008
  5.936274871550353E-008
  6.649336041941674E-008
  7.412318746926667E-008
  8.215896054748159E-008
  9.046153069628851E-008
  9.884100201793963E-008
  1.070558567469383E-007
  1.148182841769529E-007
  1.218078737896786E-007
  1.276951287050700E-007
  1.321746533102663E-007
  1.350053131996051E-007
  1.360514902260487E-007
  1.353166322433923E-007
  1.329589735843002E-007
  1.292809789813594E-007
  1.246894208630822E-007
  1.196311929605123E-007
  1.145183731185473E-007
  1.096610922121265E-007
  1.052256559751161E-007
  1.012278732279426E-007
  9.756049975436724E-008
  9.404367453820121E-008
  9.048208278760393E-008
  8.671360930438293E-008
  8.263988396963351E-008
  7.823627856430906E-008
  7.354475127068184E-008
  6.865599606215675E-008
  6.368767373549624E-008
  5.876401770635364E-008
  5.399994464618400E-008
  4.949079813328696E-008
  4.530742881396521E-008
  4.149553652345904E-008
  3.807794372906580E-008
  3.505854939314993E-008
  3.242695949928701E-008
  3.016308528912652E-008
  2.824127282657336E-008
  2.663374618706204E-008
  2.531330409675035E-008
  2.425531199286206E-008
  2.343908939316302E-008
  2.284881821200120E-008
  2.247410200002426E-008
  2.231029762923740E-008
  2.235872607559250E-008
  2.262685207748144E-008
  2.312850639363155E-008
  2.388421078032244E-008
  2.492165544413087E-008
  2.627637182993747E-008
  2.799264005521698E-008
  3.012466978409623E-008
  3.273809543172527E-008
  3.591183083270682E-008
  3.974033438645261E-008
  4.433634262843292E-008
  4.983413746096905E-008
  5.639341897416131E-008
  6.420386059167546E-008
  7.349042431802192E-008
  8.451950844863686E-008
  9.760598436509765E-008
  1.131211474929415E-007
  1.315015524965465E-007
  1.532586138455252E-007
  1.789887159871193E-007
  2.093833742690367E-007
  2.452386956658662E-007
  2.874629802439486E-007
  3.370807508016918E-007
  3.952307722530678E-007
  4.631547088947357E-007
  5.421719802943779E-007
  6.336351854461976E-007
  7.388593394217005E-007
  8.590174337757984E-007
  9.949950454072390E-007
  1.147198722714015E-006
  1.315317821063881E-006
  1.498048677743820E-006
  1.692804662084917E-006
  1.895455905409089E-006
  2.100166387363172E-006
  2.299417708196815E-006
  2.484317472912654E-006
  2.645270526598353E-006
  2.773028215242702E-006
  2.860019247000627E-006
  2.901723657657608E-006
  2.897729144881356E-006
  2.852081082539246E-006
  2.772667798118774E-006
  2.669672269104865E-006
  2.553473600961267E-006
  2.432627837221031E-006
  2.312551179225766E-006
  2.195250270256246E-006
  2.080030809693469E-006
  1.964777199634256E-006
  1.847280331722827E-006
  1.726204727924663E-006
  1.601521212196192E-006
  1.474453259531240E-006
  1.347112232499599E-006
  1.222018936221079E-006
  1.101662538817784E-006
  9.881785665483912E-007
  8.831673186364586E-007
  7.876356777996037E-007
  7.020283964643822E-007
  6.263130205480389E-007
  5.600885823281823E-007
  5.026967929498298E-007
  4.533226673861666E-007
  4.110780197420627E-007
  3.750658169502012E-007
  3.444262172988256E-007
  3.183666549759669E-007
  2.961789655162672E-007
  2.772466097105232E-007
  2.610447895024085E-007
  2.471358270832238E-007
  2.351617068566528E-007
  2.248352249064754E-007
  2.159307876482073E-007
  2.082755659752575E-007
  2.017414461606792E-007
  1.962380192443653E-007
  1.917067078898568E-007
  1.881160334794002E-007
  1.854579662766865E-007
  1.837452684493751E-007
  1.830097255331242E-007
  1.833011598683134E-007
  1.846871243009237E-007
  1.872531817668522E-007
  1.911036828689706E-007
  1.963629563445117E-007
  2.031768237895466E-007
  2.117143375069879E-007
  2.221696159326969E-007
  2.347636113246484E-007
  2.497455851787523E-007
  2.673939834040254E-007
  2.880162904432675E-007
  3.119472942153267E-007
  3.395450083598430E-007
  3.711832749057293E-007
  4.072398169165162E-007
  4.480782484306350E-007
  4.940223224895708E-007
  5.453205867777093E-007
  6.020997500402581E-007
  6.643056353773552E-007
  7.316318748052739E-007
  8.034388057665810E-007
  8.786686823726779E-007
  9.557684838177056E-007
  1.032638060154740E-006
  1.106628093891141E-006
  1.174617161902105E-006
  1.233196389042680E-006
  1.278979044508009E-006
  1.309026704155239E-006
  1.321342741457601E-006
  1.315335272073628E-006
  1.292113350226112E-006
  1.254478338996191E-006
  1.206529471851086E-006
  1.152918985663133E-006
  1.097931693112873E-006
  1.044660464515399E-006
  9.945410319565514E-007
  9.473836456496732E-007
  9.018501414256942E-007
  8.561669696492958E-007
  8.088115722931571E-007
  7.589707342922549E-007
  7.066941993148357E-007
  6.527852604988669E-007
  5.985363232704968E-007
  5.454246963586179E-007
  4.948525002793765E-007
  4.479714690233173E-007
  4.055975250051445E-007
  3.681986842828855E-007
  3.359320444408036E-007
  3.087067045137565E-007
  2.862547563929521E-007
  2.681986735672650E-007
  2.541087708829665E-007
  2.435483176065104E-007
  2.361063863828766E-007
  2.314199033813151E-007
  2.291869676634768E-007
  2.291736203892617E-007
  2.312160821609316E-007
  2.352201852073366E-007
  2.411593975186172E-007
  2.490725213127249E-007
  2.590618756903140E-007
  2.712925542422769E-007
  2.859931842927247E-007
  3.034585015855374E-007
  3.240539861268721E-007
  3.482227742326571E-007
  3.764950613278038E-007
  4.095002329866672E-007
  4.479820020600195E-007
  4.928168819887856E-007
  5.450363851886196E-007
  6.058533948810922E-007
  6.766932118616031E-007
  7.592298150132280E-007
  8.554278827363161E-007
  9.675910831310873E-007
  1.098417027057810E-006
  1.251059052433826E-006
  1.429194617848635E-006
  1.637099456992918E-006
  1.879725686239479E-006
  2.162780640144422E-006
  2.492801174455504E-006
  2.877215330912535E-006
  3.324379385305358E-006
  3.843573181990028E-006
  4.444930128069047E-006
  5.139270261709977E-006
  5.937795720533306E-006
  6.851598595847934E-006
  7.890923407530642E-006
  9.064123578157552E-006
  1.037625864999721E-005
  1.182730433293643E-005
  1.341000082403980E-005
  1.510745700842538E-005
  1.689076681022854E-005
  1.871707615474818E-005
  2.052873971044706E-005
  2.225436556426938E-005
  2.381256012180594E-005
  2.511892047183237E-005
  2.609616009583286E-005
  2.668618979273517E-005
  2.686172779569181E-005
  2.663408263690616E-005
  2.605380917223953E-005
  2.520247051702514E-005
  2.417658625789200E-005
  2.306796398359487E-005
  2.194642128821817E-005
  2.085023364124742E-005
  1.978661278184415E-005
  1.874063267048068E-005
  1.768822718762226E-005
  1.660834526281933E-005
  1.549084955632162E-005
  1.433910629082996E-005
  1.316819904636362E-005
  1.200066696414469E-005
  1.086165717988188E-005
  9.774806647286796E-006
  8.759468251390653E-006
  7.829342924888233E-006
  6.992261047271385E-006
  6.250742316987516E-006
  5.602979840636908E-006
  5.043971756525044E-006
  4.566614930870687E-006
  4.162655286663030E-006
  3.823449217912195E-006
  3.540530239088306E-006
  3.305998229147085E-006
  3.112759914529603E-006
  2.954652666426481E-006
  2.826482409706860E-006
  2.724002679080578E-006
  2.643857082782912E-006
  2.583502554574314E-006
  2.541126306823313E-006
  2.515565592654786E-006
  2.506236325921069E-006
  2.513074273579450E-006
  2.536490848477157E-006
  2.577344387771845E-006
  2.636927092783743E-006
  2.716967424374883E-006
  2.819647599082899E-006
  2.947635832669847E-006
  3.104133058233402E-006
  3.292933942422793E-006
  3.518502076139213E-006
  3.786059163961863E-006
  4.101687809639880E-006
  4.472447007796659E-006
  4.906498595025098E-006
  5.413241544460339E-006
  6.003448922483559E-006
  6.689399330479097E-006
  7.484990441069611E-006
  8.405816471046645E-006
  9.469183750792311E-006
  1.069402861974778E-005
  1.210068950365641E-005
  1.371047034490518E-005
  1.554491634043603E-005
  1.762470710098959E-005
  1.996806060774642E-005
  2.258854012997903E-005
  2.549217563289979E-005
  2.867386546203007E-005
  3.211313137737440E-005
  3.576947947057613E-005
  3.957788418202174E-005
  4.344525611363219E-005
  4.724913031868580E-005
  5.084011027092681E-005
  5.404963489169426E-005
  5.670415122398747E-005
  5.864554254099217E-005
  5.975563474820237E-005
  5.998013889191519E-005
  5.934538462120268E-005
  5.796095825505248E-005
  5.600398427690747E-005
  5.368627751532431E-005
  5.121218731675537E-005
  4.873953588065327E-005
  4.635580361752800E-005
  4.407613393345863E-005
  4.186136651217341E-005
  3.964733274678535E-005
  3.737421182191006E-005
  3.500718633594033E-005
  3.254476876230722E-005
  3.001610091945577E-005
  2.747137714058987E-005
  2.497000926914621E-005
  2.257002840592044E-005
  2.032055949075658E-005
  1.825776872043205E-005
  1.640378458919768E-005
  1.476771657521508E-005
  1.334787941645829E-005
  1.213449941611838E-005
  1.111240283336595E-005
  1.026339226781297E-005
  9.568175494851453E-006
  9.007818597023639E-006
  8.564759425053319E-006
  8.223449756983654E-006
  7.970705606020915E-006
  7.795843327653142E-006
  7.690670482132008E-006
  7.649388801163271E-006
  7.668454560692040E-006
  7.746430587222370E-006
  7.883854725197107E-006
  8.083142115156312E-006
  8.348533049624570E-006
  8.686094306791539E-006
  9.103779461435647E-006
  9.611552469633330E-006
  1.022157856128738E-005
  1.094848692093632E-005
  1.180971059024288E-005
  1.282591030663794E-005
  1.402149043580831E-005
  1.542521659037444E-005
  1.707094575488751E-005
  1.899848050302383E-005
  2.125455884691323E-005
  2.389398990881561E-005
  2.698094225568779E-005
  3.059038541004049E-005
  3.480967439125886E-005
  3.974025030658402E-005
  4.549940454517522E-005
  5.222201685274168E-005
  6.006212450925205E-005
  6.919410629756799E-005
  7.981316581369508E-005
  9.213466916079846E-005
  1.063917293460030E-004
  1.228302356843074E-004
  1.417003126180452E-004
  1.632429867330828E-004
  1.876706984807027E-004
  2.151403108742398E-004
  2.457175880135778E-004
  2.793329463300079E-004
  3.157298691010702E-004
  3.544099557075958E-004
  3.945822483531216E-004
  4.351289797880256E-004
  4.746042968680192E-004
  5.112849759688514E-004
  5.432898335050694E-004
  5.687742922255138E-004
  5.861865614973388E-004
  5.945442184910737E-004
  5.936630187287180E-004
  5.842578936037731E-004
  5.678541732423953E-004
  5.465000255022696E-004
  5.223443447034037E-004
  4.972047180487693E-004
  4.722625723932650E-004
  4.479743425531112E-004
  4.242006340096513E-004
  4.004747996962397E-004
  3.762965015152680E-004
  3.513534938970123E-004
  3.256254177829827E-004
  2.993756941648115E-004
  2.730698828756553E-004
  2.472663053658373E-004
  2.225148296767461E-004
  1.992834401963993E-004
  1.779176889433230E-004
  1.586288474350062E-004
  1.415025559997832E-004
  1.265194148119491E-004
  1.135805062505931E-004
  1.025329717739758E-004
  9.319275012143351E-005
  8.536311690008728E-005
  7.884870639567955E-005
  7.346532078011561E-005
  6.904614932169946E-005
  6.544513289507920E-005
  6.253819736649102E-005
  6.022300051963534E-005
  5.841772902737469E-005
  5.705936810787261E-005
  5.610176041314137E-005
  5.551367914789269E-005
  5.527706586964821E-005
  5.538552571882831E-005
  5.584313033605195E-005
  5.666354909451161E-005
  5.786950993238053E-005
  5.949257950390319E-005
  6.157324628635092E-005
  6.416128766400057E-005
  6.731640109881027E-005
  7.110907872701488E-005
  7.562170263527093E-005
  8.094983320963647E-005
  8.720365373083299E-005
  9.450951897341890E-005
  1.030115317447576E-004
  1.128730363874330E-004
  1.242778690573632E-004
  1.374311373989742E-004
  1.525592131630376E-004
  1.699085068013668E-004
  1.897424510626209E-004
  2.123359525206120E-004
  2.379663839428787E-004
  2.669000063179882E-004
  2.993725658630604E-004
  3.355627750434644E-004
  3.755575623411382E-004
  4.193085143277084E-004
  4.665800323667252E-004
  5.168916060094696E-004
  5.694594502528067E-004
  6.231465896843167E-004
  6.764349659020082E-004
  7.274373414116304E-004
  7.739688592186047E-004
  8.136954019749737E-004
  8.443653406552901E-004
  8.641108931215961E-004
  8.717765115063989E-004
  8.672016326133939E-004
  8.513672542366852E-004
  8.263262808187893E-004
  7.948862477479680E-004
  7.600925778433380E-004
  7.246419693502765E-004
  6.903980967925920E-004
  6.581562801913899E-004
  6.277147161600917E-004
  5.981979851053082E-004
  5.684974575131524E-004
  5.376766301343772E-004
  5.052335955719944E-004
  4.711853200258775E-004
  4.360021813891003E-004
  4.004548026958256E-004
  3.654374254117143E-004
  3.318145458851349E-004
  3.003142390079658E-004
  2.714721028415582E-004
  2.456178181866058E-004
  2.228914889915766E-004
  2.032769526641756E-004
  1.866417363813534E-004
  1.727765405733940E-004
  1.614300680484987E-004
  1.523372838447706E-004
  1.452407327392686E-004
  1.399054676992848E-004
  1.361286116682138E-004
  1.337447367879316E-004
  1.326282193509804E-004
  1.326936022926609E-004
  1.338948283160203E-004
  1.362240324932457E-004
  1.397104246031792E-004
  1.444196592528506E-004
  1.504539899579076E-004
  1.579534317301269E-004
  1.670981130572230E-004
  1.781119792423979E-004
  1.912680115596502E-004
  2.068951476074855E-004
  2.253871252759267E-004
  2.472135242863894E-004
  2.729333444596665E-004
  3.032115384957953E-004
  3.388390093842320E-004
  3.807566891520317E-004
  4.300844370282180E-004
  4.881556313514589E-004
  5.565584797625443E-004
  6.371852336471525E-004
  7.322906596327600E-004
  8.445612826172548E-004
  9.771970534667098E-004
  1.134007181502006E-003
  1.319521862747786E-003
  1.539121462558105E-003
  1.799184276685906E-003
  2.107253155124230E-003
  2.472219825753347E-003
  2.904523420030022E-003
  3.416356103487724E-003
  4.021863358252113E-003
  4.737318741314237E-003
  5.581242139513377E-003
  6.574415924497617E-003
  7.739734394494100E-003
  9.101798387828285E-003
  1.068613998570983E-002
  1.251793489879304E-002
  1.462003909398780E-002
  1.701018349162918E-002
  1.969719546193647E-002
  2.267621589082994E-002
  2.592307930117348E-002
  2.938835264691256E-002
  3.299199400999359E-002
  3.662014695534311E-002
  4.012608074101926E-002
  4.333743866641045E-002
  4.607137438645104E-002
  4.815747855234880E-002
  4.946559075452711E-002
  4.993230858776886E-002
  4.957774687931246E-002
  4.850476956886252E-002
  4.687762868750185E-002
  4.488464416453118E-002
  4.269672299632138E-002
  4.043590000198845E-002
  3.816373562276087E-002
  3.589051532719389E-002
  3.359778868244286E-002
  3.126317672069327E-002
  2.887840327479652E-002
  2.645671271962137E-002
  2.403084039879661E-002
  2.164541708823828E-002
  1.934793342032089E-002
  1.718114968036764E-002
  1.517824574619244E-002
  1.336077085635915E-002
  1.173878381046995E-002
  1.031237694847757E-002
  9.073859904402749E-003
  8.010074007226385E-003
  7.104511070283271E-003
  6.339073750498251E-003
  5.695427320812235E-003
  5.155960660252153E-003
  4.704409152536072E-003
  4.326205274817019E-003
  4.008622765907049E-003
  3.740773505595024E-003
  3.513506525610016E-003
  3.319248239615603E-003
  3.151813306416605E-003
  3.006207147812657E-003
  2.878434250137285E-003
  2.765320974170966E-003
  2.664357544121358E-003
  2.573560986585073E-003
  2.491358831905795E-003
  2.416492168457049E-003
  2.347935972777662E-003
  2.284834371913864E-003
  2.226448506327329E-003
  2.172114859342029E-003
  2.121212235614184E-003
  2.073135961852809E-003
  2.027278320735963E-003
  1.983014698844808E-003
  1.939695423818292E-003
  1.896643778283639E-003
  1.853161195724082E-003
  1.808541138134600E-003
  1.762093571743499E-003
  1.713182198506187E-003
  1.661276514179247E-003
  1.606020126352935E-003
  1.547315285915103E-003
  1.485420926506442E-003
  1.421057360498547E-003
  1.355505014557812E-003
  1.290677489022100E-003
  1.229141828096237E-003
  1.174053320117770E-003
  1.128971799393538E-003
  1.097535618081413E-003
  1.082992233662057E-003
  1.087622105265362E-003
  1.112140920107634E-003
  1.155211389197817E-003
  1.213219524914606E-003
  1.280449338228502E-003
  1.349712187937397E-003
  1.413363223001698E-003
  1.464505638107787E-003
  1.498098321772183E-003
  1.511688664290440E-003
  1.505597445847815E-003
  1.482547989405338E-003
  1.446889859594181E-003
  1.403657993115388E-003
  1.357707432578133E-003
  1.313090286422913E-003
  1.272738377378897E-003
  1.238424617308471E-003
  1.210922472836604E-003
  1.190268637786688E-003
  1.176047927913125E-003
  1.167646196606195E-003
  1.164444456576455E-003
  1.165948604340252E-003
  1.171862249502638E-003
  1.182116159227993E-003
  1.196868895983206E-003
  1.216491506325737E-003
  1.241546248419991E-003
  1.272766358761058E-003
  1.311041289385735E-003
  1.357409894343502E-003
  1.413062713162002E-003
  1.479353701971695E-003
  1.557821382587957E-003
  1.650219302677344E-003
  1.758555831306360E-003
  1.885143581744909E-003
  2.032659107191716E-003
  2.204213923197606E-003
  2.403438355205655E-003
  2.634580183099514E-003
  2.902620555702451E-003
  3.213410178716701E-003
  3.573829341758613E-003
  3.991975943159362E-003
  4.477386288038881E-003
  5.041294058264878E-003
  5.696933448632051E-003
  6.459892974539504E-003
  7.348526791004503E-003
  8.384430380713608E-003
  9.592986961489781E-003
  1.100398962816468E-002
  1.265234164913833E-002
  1.457883288124915E-002
  1.683098312198299E-002
  1.946393227773314E-002
  2.254134104319606E-002
  2.613624253067202E-002
  3.033175275170106E-002
  3.522150355464781E-002
  4.090960309355132E-002
  4.750985431160432E-002
  5.514387121329878E-002
  6.393762954910862E-002
  7.401588341317528E-002
  8.549379383737130E-002
  9.846508836649408E-002
  0.112986163546061     
  0.129055844312501     
  0.146591139023393     
  0.165400395707700     
  0.185156852351792     
  0.205377631318388     
  0.225415446397376     
  0.244471959915427     
  0.261641665329226     
  0.275991888964144     
  0.286676790495168     
  0.293071225744743     
  0.294896716427056     
  0.292302295363417     
  0.285864949500352     
  0.276492572566311     
  0.265244117744611     
  0.253114878546862     
  0.240852478607698     
  0.228859547215376     
  0.217204963634176     
  0.205723961463561     
  0.194158908056909     
  0.182288511805343     
  0.170010248738909     
  0.157366066209412     
  0.144522063666195     
  0.131722557015750     
  0.119238448866591     
  0.107323613135219     
  9.618562007259697E-002
  8.597135557107403E-002
  7.676478754042393E-002
  6.859296008915645E-002
  6.143647973030514E-002
  5.524157365231640E-002
  4.993175749078552E-002
  4.541799124552191E-002
  4.160683368496321E-002
  3.840652626541029E-002
  3.573118521312334E-002
  3.350340218584925E-002
  3.165559227478464E-002
  3.013041604025952E-002
  2.888056331152932E-002
  2.786813628294158E-002
  2.706381776740671E-002
  2.644596291549661E-002
  2.599971204740896E-002
  2.571618942420185E-002
  2.559182763763971E-002
  2.562783903476840E-002
  2.582984313225205E-002
  2.620765115678079E-002
  2.677520456169460E-002
  2.755066262244814E-002
  2.855663414900273E-002
  2.982054924634397E-002
  3.137516828198402E-002
  3.325922621869654E-002
  3.551821068777009E-002
  3.820527100742092E-002
  4.138225206903597E-002
  4.512084070305065E-002
  4.950380160238409E-002
  5.462626356696564E-002
  6.059699273428974E-002
  6.753955507002575E-002
  7.559322269856200E-002
  8.491341427157020E-002
  9.567137511055746E-002
  0.108052695691166     
  0.122254136745269     
  0.138478080088989     
  0.156923769047955     
  0.177774368144752     
  0.201178807623807     
  0.227227464481658     
  0.255921086899131     
  0.287133152506704     
  0.320567246604879     
  0.355713214361869     
  0.391808816120920     
  0.427817138806503     
  0.462433314669817     
  0.494135682054709     
  0.521294193510776     
  0.542340224314485     
  0.555985594539401     
  0.561456231665384     
  0.558683953825139     
  0.548389612568810     
  0.532004409912069     
  0.511418627685955     
  0.488608228021503     
  0.465243911652689     
  0.442404115830274     
  0.420478272106542     
  0.399273210380288     
  0.378260393475927     
  0.356861037124987     
  0.334673953294388     
  0.311593614300264     
  0.287816106326841     
  0.263765635257533     
  0.239985987996141     
  0.217034643808281     
  0.195402116157357     
  0.175464179987435     
  0.157464308474666     
  0.141518610397139     
  0.127634544483976     
  0.115735935397077     
  0.105688907159378     
  9.732542100244039E-002
  9.046276525861263E-002
  8.491850387446964E-002
  8.052110448154613E-002
  7.711684441114101E-002
  7.457374118200767E-002
  7.278326032177469E-002
  7.166048149689051E-002
  7.114329655473624E-002
  7.119109703610192E-002
  7.178329954469335E-002
  7.291796304847581E-002
  7.461067586480281E-002
  7.689383191416342E-002
  7.981637430676912E-002
  8.344405712006753E-002
  8.786026072123361E-002
  9.316738961573255E-002
  9.948888219382038E-002
  0.106971866784843     
  0.115790506210620     
  0.126150081760842     
  0.138291875355316     
  0.152498913515162     
  0.169102636025833     
  0.188490542379023     
  0.211114845516016     
  0.237502118595725     
  0.268263847663001     
  0.304107689353195     
  0.345849062551489     
  0.394422456285587     
  0.450891488494448     
  0.516456273034692     
  0.592456014801758     
  0.680363927757579     
  0.781770543647614     
  0.898350266483004     
   1.03180470467239     
   1.18377505608486     
   1.35571496938527     
   1.54871542867753     
   1.76327518084497     
   1.99901524957525     
   2.25434560589006     
   2.52610747085021     
   2.80923662525708     
   3.09652014646381     
   3.37854624036090     
   3.64396416380833     
   3.88016301582702     
   4.07442620065213     
   4.21550995692607     
   4.29543574147662     
   4.31111636655147     
   4.26532910348907     
   4.16659396038813     
   4.02776463917561     
   3.86355253132510     
   3.68762618051010     
   3.51014895934471     
   3.33649139239669     
   3.16741242616186     
   3.00045544503437     
   2.83191484422963     
   2.65865589415922     
   2.47928728946964     
   2.29452992796586     
   2.10692041081638     
   1.92013630396656     
   1.73823270687637     
   1.56499446090305     
   1.40350101737503     
   1.25591441752781     
   1.12345006512775     
   1.00647129983367     
  0.904651070158122     
  0.817156298025054     
  0.742825181471566     
  0.680320609521311     
  0.628252554947547     
  0.585268722994132     
  0.550116460193818     
  0.521680711652801     
  0.499003325609309     
  0.481288757275546     
  0.467900584263256     
  0.458352452589146     
  0.452296271887470     
  0.449509752887415     
  0.449884768326770     
  0.453417531898692     
  0.460201223913814     
  0.470421433649568     
  0.484354619504487     
  0.502369690938398     
  0.524932773597988     
  0.552615215665033     
  0.586104915975761     
  0.626221091198035     
  0.673932639726388     
  0.730380293528832     
  0.796902764540405     
  0.875067075588554     
  0.966703199521912     
   1.07394299055109     
   1.19926314699286     
   1.34553155212410     
   1.51605574382866     
   1.71463139256812     
   1.94558743237626     
   2.21382278696553     
   2.52482734961818     
   2.88467690531812     
   3.29998795907637     
   3.77781398212013     
   4.32545961827251     
   4.95018443702813     
   5.65876391510716     
   6.45687424836031     
   7.34827207857450     
   8.33375408844873     
   9.40990939771307     
   10.5677246048718     
   11.7911702504527     
   13.0559865912858     
   14.3289846138040     
   15.5682597372658     
   16.7247386385323     
   17.7453898064236     
   18.5781753908597     
   19.1783890613677     
   19.5154670756417     
   19.5788317484837     
   19.3810687603533     
   18.9570018825811     
   18.3581299600222     
   17.6432763269614     
   16.8676973236444     
   16.0736643303386     
   15.2851966552888     
   14.5082006735016     
   13.7353575393692     
   12.9535685691233     
   12.1512608275904     
   11.3234466955567     
   10.4736541234053     
   9.61304870841520     
   8.75779651746254     
   7.92586186891979     
   7.13416427289556     
   6.39659037353177     
   5.72297130494918     
   5.11888677195872     
   4.58604916944660     
   4.12301444023681     
   3.72601351005979     
   3.38976226461761     
   3.10816766200152     
   2.87489362882414     
   2.68378144908166     
   2.52913765578636     
   2.40591132883462     
   2.30978536730233     
   2.23720525921066     
   2.18536590987849     
   2.15217338802287     
   2.13619472083752     
   2.13660550766019     
   2.15314230763608     
   2.18606453990800     
   2.23612898907120     
   2.30457886807731     
   2.39314867336435     
   2.50408568856014     
   2.64018887525234     
   2.80486596282077     
   3.00220975458278     
   3.23709495282277     
   3.51529712368066     
   3.84363572767976     
   4.23014338099537     
   4.68426362266319     
   5.21707936030607     
   5.84157373885817     
   6.57292427018496     
   7.42882947062213     
   8.42986470633315     
   9.59986009253955     
   10.9662876947567     
   12.5606374156019     
   14.4187502327443     
   16.5810632856376     
   19.0927031930003     
   22.0033417081826     
   25.3667017579871     
   29.2395734510331     
   33.6801717703873     
   38.7456456676786     
   44.4885404759683     
   50.9520339071315     
   58.1638261140297     
   66.1286851094699     
   74.8198497467693     
   84.1697892128268     
   94.0612145324479     
   104.319713217727     
   114.709868630544     
   124.937100319655     
   134.657508307793     
   143.497446556001     
   151.083134794305     
   157.078288909870     
   161.224871340059     
   163.379526365580     
   163.537297034016     
   161.835813364152     
   158.537354158130     
   153.991805785194     
   148.588501374218     
   142.707320373513     
   136.678514801265     
   130.757210662384     
   125.114041043597     
   119.839546572877     
   114.957796484077     
   110.444255193037     
   106.243764238103     
   102.285948571399     
   98.4968172374588     
   94.8064741291378     
   91.1535701388931     
   87.4874459392226     
   83.7689346673522     
   79.9706263125802     
   76.0771298926435     
   72.0855640831477     
   68.0061992093804     
   63.8629024214896     
   59.6928637085670     
   55.5450789240090     
   51.4772874061847     
   47.5514752885301     
   43.8285263740553     
   40.3629375419655     
   37.1985639192760     
   34.3660987691405     
   31.8825420987628     
   29.7524549209871     
   27.9704847382493     
   26.5245412429881     
   25.3990688667053     
   24.5780278113088     
   24.0473806936964     
   23.7970372273323     
   23.8223140551620     
   24.1250223317937     
   24.7143138719841     
   25.6074116288055     
   26.8303334864820     
   28.4186975428891     
   30.4186763172823     
   32.8881480187886     
   35.8980746372067     
   39.5341173823850     
   43.8984771733148     
   49.1119179058872     
   55.3158887030506     
   62.6746029660797     
   71.3768506394750     
   81.6372089851256     
   93.6961699956893     
   107.818515209802     
   124.289042489878     
   143.404496665113     
   165.460308454813     
   190.730565725987     
   219.439632857195     
   251.724155994778     
   287.585055073720     
   326.830744661849     
   369.015436482113     
   413.379967352631     
   458.806797907069     
   503.804676357221     
   546.540295351530     
   584.931933953189     
   616.811641823788     
   640.147524250289     
   653.298468378526     
   655.255906039740     
   645.818703096441     
   625.654490990615     
   596.224819547587     
   559.585890682101     
   518.109054577887     
   474.183390272899     
   429.960466685651     
   387.181742450932     
   347.101649073233     
   310.494970527093     
   277.722588773346     
   248.826278708760     
   223.628033182601     
   201.817899776223     
   183.022771745547     
   166.854931467954     
   152.942876379097     
   140.948480760220     
   130.574616361628     
   121.566684364943     
   113.710612852222     
   106.829040544345     
   100.776760945870     
   95.4360568882210     
   90.7122783887119     
   86.5298567736044     
   82.8288598855631     
   79.5621434522365     
   76.6931206779332     
   74.1941427777443     
   72.0454503042111     
   70.2346178081550     
   68.7563801658504     
   67.6127119844060     
   66.8130435899301     
   66.3745365879488     
   66.3223920899401     
   66.6902048652645     
   67.5203978389079     
   68.8647806906083     
   70.7852869619428     
   73.3549603182144     
   76.6592727952091     
   80.7978508305373     
   85.8866507104165     
   92.0605687684963     
   99.4764065719873     
   108.316049507804     
   118.789662900082     
   131.138659642616     
   145.638140325593     
   162.598442386099     
   182.365346843701     
   205.318363916380     
   231.866339747033     
   262.439397679099     
   297.475973231631     
   337.403470037114     
   382.610926837831     
   433.412143362422     
   489.998095000862     
   552.378323184056     
   620.312470038789     
   693.235344106073     
   770.181874085551     
   849.721860992891     
   929.918111776180     
   1008.32447019887     
   1082.04117824249     
   1147.84235470259     
   1202.38273117587     
   1242.47747859418     
   1265.43095868032     
   1269.37088952312     
   1253.52952890620     
   1218.41009874421     
   1165.79031370664     
   1098.54597579497     
   1020.31916883884     
   935.094324144232     
   846.766935340443     
   758.785610411842     
   673.920781723684     
   594.174628266778     
   520.811662296952     
   454.468821099682     
   395.300427033270     
   343.122566834012     
   297.535868872605     
   258.018998604374     
   223.994187146983     
   194.870380447329     
   170.070403245584     
   149.047508146599     
   131.295105667894     
   116.352064493006     
   103.804990178816     
   93.2883246235179     
   84.4828384877206     
   77.1129811836315     
   70.9435035504688     
   65.7757149861941     
   61.4436584880393     
   57.8103924954548     
   54.7644802738593     
   52.2167265123686     
   50.0971747780650     
   48.3523812678398     
   46.9429932269623     
   45.8416678136997     
   45.0313602993163     
   44.5039908641492     
   44.2594758143176     
   44.3050921051909     
   44.6551395507718     
   45.3308718275040     
   46.3606783478834     
   47.7805058320770     
   49.6345058108375     
   51.9758829092540     
   54.8679033785206     
   58.3850090135436     
   62.6139707245494     
   67.6550089639927     
   73.6228055931156     
   80.6473347518706     
   88.8744474490082     
   98.4661493005644     
   109.600503317595     
   122.471062580388     
   137.285690206077     
   154.264561218366     
   173.637071161487     
   195.637309963448     
   220.497706436722     
   248.440411868408     
   279.665961643950     
   314.338717499573     
   352.568550851263     
   394.388222273106     
   439.726041844831     
   488.373801274951     
   539.950794626262     
   593.866074845660     
   649.282893511782     
   705.091341744127     
   759.897164510232     
   812.035988495854     
   859.622068202415     
   900.638348915105     
   933.069556377362     
   955.072042566709     
   965.164084796093     
   962.410379623560     
   946.567896371175     
   918.160651592388     
   878.460604187610     
   829.369978266763     
   773.222366925376     
   712.538851820113     
   649.784366779887     
   587.165557941694     
   526.496595271830     
   469.139965976126     
   416.012262586389     
   367.635034876889     
   324.208798724507     
   285.692143272408     
   251.874248094729     
   222.435243389151     
   196.993249879690     
   175.139360361726     
   156.462712992910     
   140.567800629973     
   127.085800211369     
   115.681318337067     
   106.055663150879     
   97.9475686840465     
   91.1321634630898     
   85.4188427511245     
   80.6485571491386     
   76.6908818869740     
   73.4411029473839     
   70.8174621025495     
   68.7586433602722     
   67.2215499416293     
   66.1794036396638     
   65.6201880962035     
   65.5454456547392     
   65.9694166579593     
   66.9184774889668     
   68.4307948272430     
   70.5560827736903     
   73.3553433762739     
   76.9004973718015     
   81.2738606695791     
   86.5674681722037     
   92.8822645239534     
   100.327162318144     
   109.017925919360     
   119.075801519652     
   130.625808289836     
   143.794644592611     
   158.708241367357     
   175.489088247267     
   194.253530455403     
   215.109247644840     
   238.153053554498     
   263.468996667064     
   291.126525004620     
   321.178252592403     
   353.656686794035     
   388.569187349515     
   425.890443771924     
   465.551861111367     
   507.427403398969     
   551.315643871181     
   596.918044794430     
   643.813936253026     
   691.433430443258     
   739.030733560380     
   785.662031371034     
   830.174136085459     
   871.211891370948     
   907.253122515035     
   936.678683224906     
   957.880993991593     
   969.407071240927     
   970.122196518781     
   959.370301860983     
   937.100338553369     
   903.928087142476     
   861.112307355678     
   810.441835453229     
   754.051396685511     
   694.201287765893     
   633.063241967182     
   572.549288621543     
   514.205128730949     
   459.171009902155     
   408.198049328382     
   361.700326168940     
   319.822915843100     
   282.510745633344     
   249.569412297180     
   220.714492479620     
   195.609364205102     
   173.893208733516     
   155.201257552753     
   139.179115099785     
   125.492568274070     
   113.833917967689     
   103.925607371422     
   95.5217651858228     
   88.4081896467051     
   82.4012339376063     
   77.3459903149576     
   73.1140983854222     
   69.6014235929485     
   66.7257736966803     
   64.4247534700701     
   62.6538059889306     
   61.3844519227183     
   60.6027132093639     
   60.3076926933563     
   60.5102759407689     
   61.2319227832007     
   62.5035191417994     
   64.3642607970095     
   66.8605419853260     
   70.0448294731407     
   73.9745215988617     
   78.7108184103049     
   84.3176531418743     
   90.8607466767201     
   98.4068423098720     
   107.023163151711     
   116.777116731134     
   127.736254789867     
   139.968478492405     
   153.542454761788     
   168.528175829142     
   184.997555032582     
   203.024912081871     
   222.687157527798     
   244.063427727787     
   267.233840897911     
   292.276956187044     
   319.265464240719     
   348.259679556549     
   379.298592159122     
   412.388579351731     
   447.490331219986     
   484.505008007193     
   523.261002704098     
   563.502828064947     
   604.883543023797     
   646.961814909483     
   689.204281017176     
   730.993452126488     
   771.641092446315     
   810.406847547503     
   846.521823045945     
   879.216729436494     
   907.753972675229     
   931.462581776264     
   949.774077341949     
   962.256344047387     
   968.641463391399     
   968.842664630225     
   962.955599968492     
   951.240603198538     
   934.085763437452     
   911.955297336899     
   885.332811776866     
   854.672830953294     
   820.374317144571     
   782.785363592032     
   742.239080051154     
   699.109663023526     
   653.869242803650     
   607.124454690584     
   559.618069666057     
   512.192839039725     
   465.726828293211     
   421.057131923944     
   378.909856495767     
   339.849676960467     
   304.255042435857     
   272.318240370393     
   244.064889680141     
   219.385492304123     
   198.071912532768     
   179.853173195465     
   164.426919122773     
   151.484727603438     
   140.730850973972     
   131.894881341209     
   124.739288780661     
   119.062922745921     
   114.701511924521     
   111.526054726728     
   109.439826666788     
   108.374575276960     
   108.286342363823     
   109.151252778644     
   110.961537260450     
   113.722006822589     
   117.447156220277     
   122.159032982135     
   127.885957595369     
   134.662113904901     
   142.527944068680     
   151.531181930595     
   161.728251778712     
   173.185662204258     
   185.980956642343     
   200.202761043431     
   215.949506433143     
   233.326500994327     
   252.441171149674     
   273.396460272892     
   296.282537050659     
   321.167096657390     
   348.084623898678     
   377.025034189218     
   407.922137566176     
   440.642410412757     
   474.974627566672     
   510.621001199876     
   547.190567026283     
   584.195618879251     
   621.051999086351     
   657.084014727618     
   691.534706203834     
   723.582179176121     
   752.362710550951     
   777.001257570059     
   796.649661904420     
   810.532056078549     
   817.995642104577     
   818.563210621289     
   811.981849266867     
   798.260834179702     
   777.691398678187     
   750.842489246103     
   718.529889375401     
   681.760707705176     
   641.660039249001     
   599.390163959783     
   556.073766817567     
   512.730989165617     
   470.236303882196     
   429.296609044453     
   390.448000622566     
   354.066348413258     
   320.386231075374     
   289.523538383067     
   261.498424366688     
   236.256689334100     
   213.688739085489     
   193.645928063111     
   175.954408593520     
   160.426703723030     
   146.871209187178     
   135.099789059438     
   124.933602327925     
   116.207298747222     
   108.771747953830     
   102.495503202085     
   97.2652361016720     
   92.9853998582190     
   89.5773772194013     
   86.9783410057457     
   85.1400023858239     
   84.0273577950615     
   83.6174900675183     
   83.8984512574203     
   84.8682582672327     
   86.5340536163048     
   88.9114965256511     
   92.0244312805640     
   95.9048248031651     
   100.592888332060     
   106.137226587879     
   112.594818232720     
   120.030637631610     
   128.516777597584     
   138.131011830339     
   148.954825004575     
   161.071018297982     
   174.561051117599     
   189.502294358709     
   205.965345450299     
   224.011500892112     
   243.690416138082     
   265.037926097157     
   288.073969599561     
   312.800565595857     
   339.199818169585     
   367.231952570103     
   396.833366639523     
   427.914594815624     
   460.357934081931     
   494.014325178325     
   528.699000134862     
   564.185478047676     
   600.197755717643     
   636.400980574999     
   672.391441319716     
   707.687275406969     
   741.721787154943     
   773.841628755392     
   803.312257269942     
   829.332965191626     
   851.063283240488     
   867.661555652198     
   878.334922412195     
   882.397870441737     
   879.334196666659     
   868.855140771434     
   850.945233615291     
   825.887702183827     
   794.263447467209     
   756.921519382698     
   714.923859234224     
   669.471589651924     
   621.823007860221     
   573.213921107123     
   524.789162127641     
   477.550903073710     
   432.325892779114     
   389.750873450964     
   350.273576456489     
   314.165793625842     
   281.544804221727     
   252.399646001775     
   226.619177145574     
   204.019481301397     
   184.368844548753     
   167.409206673573     
   152.873590003156     
   140.499485537592     
   130.038505595535     
   121.262801953429     
   113.968827379762     
   107.979023382471     
   103.141979482277     
   99.3315487597217     
   96.4453294668217     
   94.4028375152800     
   93.1436044469278     
   92.6253455711138     
   92.8222586424453     
   93.7234413137925     
   95.3313651979962     
   97.6603255044625     
   100.734800588919     
   104.587695720232     
   109.258490799172     
   114.791343519479     
   121.233207434325     
   128.632011135277     
   137.034923524076     
   146.486718792307     
   157.028266686522     
   168.695209622421     
   181.516933337986     
   195.515966681877     
   210.707933191909     
   227.102107060832     
   244.702502259809     
   263.509271811092     
   283.520058596349     
   304.730867508522     
   327.136052125597     
   350.727125598932     
   375.490279800506     
   401.402676223404     
   428.427711451844     
   456.509542129790     
   485.567195529237     
   515.488628644962     
   546.125163521303     
   577.286823513999     
   608.739190533068     
   640.202436413139     
   671.353095592521     
   701.828922486849     
   731.236851452741     
   759.163727653485     
   785.189184804418     
   808.899854958080     
   829.903991909988     
   847.845509936679     
   862.416309132590     
   873.365549417258     
   880.504322199037     
   883.704159450652     
   882.888325412873     
   878.016154712214     
   869.062916420442     
   856.000429291957     
   838.785967137211     
   817.367458955623     
   791.710304164750     
   761.844997854396     
   727.926661915501     
   690.290641719940     
   649.486070032159     
   606.273626321855     
   561.583523427272     
   516.441223746259     
   471.876984351052     
   428.838124507726     
   388.119777895746     
   350.323043014343     
   315.841904069630     
   284.874449672737     
   257.450827920656     
   233.469883663212     
   212.737681694892     
   195.003153841035     
   179.988165590862     
   167.410960272028     
   157.003072658238     
   148.520452467999     
   141.749819688597     
   136.511315732259     
   132.658422756526     
   130.075973569486     
   128.676915801974     
   128.398356237241     
   129.197307476496     
   131.046486414966     
   133.930456501837     
   137.842344299158     
   142.781283989264     
   148.750652748504     
   155.757066210367     
   163.810018504355     
   172.921983059770     
   183.108743039844     
   194.389700216073     
   206.787926137172     
   220.329770916127     
   235.043919634340     
   250.959859320957     
   268.105768468527     
   286.505860716519     
   306.177218158361     
   327.126159536232     
   349.344220951693     
   372.803884429768     
   397.454259398758     
   423.216976839758     
   449.982563238029     
   477.607499896766     
   505.912049329187     
   534.678786437147     
   563.651672844299     
   592.535516749407     
   620.995791177048     
   648.659015107837     
   675.114170058118     
   699.915850246393     
   722.589959772114     
   742.642732828621     
   759.573645784756     
   772.892415386842     
   782.139757556585     
   786.910968704818     
   786.880778056972     
   781.827426309188     
   771.653667580198     
   756.402433928140     
   736.265242784906     
   711.582013057966     
   682.831708472684     
   650.614065870269     
   615.623506618393     
   578.617081093101     
   540.378875508284     
   501.683654974331     
   463.262589938759     
   425.773696777737     
   389.779116476905     
   355.730592199691     
   323.963578058729     
   294.699464206840     
   268.054603032443     
   244.054297684430     
   222.649721477137     
   203.735847563127     
   187.168797912518     
   172.781462510324     
   160.396695915622     
   149.837798701301     
   140.936299610415     
   133.537263722253     
   127.502473706281     
   122.711883321679     
   119.063743932771     
   116.473775813647     
   114.873715424380     
   114.209530524104     
   114.439558321062     
   115.532778641572     
   117.467373039721     
   120.229639050819     
   123.813237303677     
   128.218669360054     
   133.452838604887     
   139.528548371608     
   146.463836440571     
   154.281110856278     
   163.006107789610     
   172.666713991077     
   183.291679886321     
   194.909211412116     
   207.545397769499     
   221.222434161613     
   235.956644086243     
   251.756384558210     
   268.620000600030     
   286.534045478360     
   305.471971978586     
   325.393421918972     
   346.244118436150     
   367.956240483015     
   390.449075212742     
   413.629727079828     
   437.393709089497     
   461.625323372816     
   486.197819651632     
   510.973379290043     
   535.803011933628     
   560.526491026066     
   584.972510978650     
   608.959318762485     
   632.296129055662     
   654.785639950121     
   676.227906060025     
   696.425707930576     
   715.191417249654     
   732.355238902995     
   747.774636738825     
   761.344707809364     
   773.009212899049     
   782.771835455503     
   790.706971635500     
   796.968926998698     
   801.797827847953     
   805.519907580902     
   808.539207615081     
   811.317310412438     
   814.337767347988     
   818.052783005342     
   822.811941386645     
   828.776723924971     
   835.830341532538     
   843.499275201791     
   850.908995198555     
   856.798471085230     
   859.612702396890     
   857.677417204606     
   849.436956338297     
   833.712018987282     
   809.918793580347     
   778.194037198870     
   739.393660534525     
   694.967431734591     
   646.745528778435     
   596.691276153749     
   546.673700362515     
   498.297609671309     
   452.806810300350     
   411.056492691511     
   373.538621000694     
   340.439955111165     
   311.714038922678     
   287.153219320694     
   266.452130227868     
   249.258662286289     
   235.211691012440     
   223.966768940376     
   215.211879099263     
   208.675540936565     
   204.129360397929     
   201.386752384382     
   200.299183544915     
   200.750960949726     
   202.653346660877     
   205.938593947329     
   210.554348845245     
   216.458717319064     
   223.616157543458     
   231.994231099603     
   241.561154571826     
   252.284042693172     
   264.127716997671     
   277.053949684153     
   291.021002953353     
   305.983303834556     
   321.891071546143     
   338.689703905857     
   356.318745551848     
   374.710312939349     
   393.786941889546     
   413.458946634930     
   433.621515993139     
   454.151891184223     
   474.907035658232     
   495.722195809480     
   516.410661730583     
   536.764893754391     
   556.559023258126     
   575.552603278294     
   593.495397923490     
   610.132959751582     
   625.212734834996     
   638.490434073033     
   649.736399564849     
   658.741671857493     
   665.323437311892     
   669.329527099211     
   670.641681110773     
   669.177412699451     
   664.890532984250     
   657.770703456165     
   647.842714601367     
   635.166405410809     
   619.838083117155     
   601.993862301139     
   581.814548023458     
   559.530757664319     
   535.426264646413     
   509.837394636806     
   483.146865745450     
   455.771612338119     
   428.145504871048     
   400.699038185647     
   373.838679188289     
   347.928530620422     
   323.276383982162     
   300.125335078022     
   278.651179001364     
   258.964993350694     
   241.119775563438     
   225.119750564712     
   210.930971174507     
   198.492023494660     
   187.723941773838     
   178.538759750917     
   170.846423113699     
   164.560025082897     
   159.599488083028     
   155.893899983911     
   153.382737936932     
   152.016198846234     
   151.754826709846     
   152.568601670938     
   154.435641923014     
   157.340665859629     
   161.273360640512     
   166.226797470881     
   172.196019578485     
   179.176905015312     
   187.165372711845     
   196.156957209322     
   206.146727939614     
   217.129477926746     
   229.100060149967     
   242.053712765508     
   255.986192755231     
   270.893539955302     
   286.771329993210     
   303.613349936013     
   321.409733923801     
   340.144699775249     
   359.794096196599     
   380.322979072371     
   401.683383973873     
   423.812374849252     
   446.630362517755     
   470.039632515398     
   493.923012145244     
   518.142629495736     
   542.538745050187     
   566.928644268094     
   591.105563722322     
   614.837607984210     
   637.866637098327     
   659.907192103404     
   680.645678068987     
   699.740215391059     
   716.821768621021     
