   9.61052265804931       0.651022528920748        1.73858428736201     
   13.3955624320650        18.5703189663948       -9.48074952040970     
   8.80026712455911       -12.8911491649913        1.54283888225504     
   11.1651617144415        14.9458593364796       -4.77619380968458     
  -2.12183817306358       -5.30378050674746        14.1526263314174     
  -7.66919690737580       -2.57667741692512        4.53591448513452     
   11.2851046860376        10.0404636624453       -8.95960534995720     
  -18.6519245456036       0.414179933818659       -6.13503251293569     
  -6.37837646629753       -9.48187842311320       -2.98803066554600     
   3.37794002477307        9.11822533935733        3.50957055497611     
   18.4954056293282        16.1607513081579        2.10239547244441     
  6.172240024730713E-002   4.21815583414548       -5.38840426039618     
   14.3671337893262        7.54881815130334       0.157072494435665     
   13.3754971888462     
