   21.4815216958193        10.9656181568641        16.9433893124517     
   8.09014790582589       -18.9803841120249        33.1934128289297     
  -1.36344405631197        25.8769245816108        1.60158620501627     
   4.98706978927409       -8.98803410305775       -19.8152055192238     
   8.42814662791436        10.7280810418943        2.45522368172835     
   25.2817358583898        2.43340935876583        7.91128022710736     
  -26.4571125613779        7.66782804940145        21.2182870849754     
   9.27455501553469        4.07017825449125       -5.44472318738767     
  -3.59206612004228        33.3312570038981       -12.3246771039430     
  -10.3450779939683        15.2114968714198       -15.1520894085651     
   28.0416892066335        1.81170408800004       -19.8231197590777     
   14.9232183901935        7.91028650588092       -13.0582528235165     
  -16.0909285152931        25.1424647109161       -6.03338669186358     
   7.48966663918534     
