  0.398133609835689       0.367825859815439       0.815832523790077     
 -0.111378267159291      -0.231073803566989       0.306962343906890     
 -0.578179550890466      -5.667939633957504E-002  0.218145662239930     
  0.177807737660435      -0.510701563865706       0.312454011551379     
 -0.283875042632864      -0.271278219324838      -0.674528821527468     
  0.652022235757619      -0.818984102743513       0.118572365063546     
  0.598298533286607      -0.733282189969431       0.186329827568510     
  0.542716084574752      -0.227199797663829       5.888042925150894E-002
  0.183878484940934      -0.156789478532553       0.733574010596512     
 -0.632465472332929       0.130795938483278      -0.794854815380022     
 -0.276987215757329      -2.215930488125462E-002 -0.163710536861510     
  0.112887595126147       0.525222462436141      -0.444324329852856     
 -0.469372687347548      -6.543145308348985E-003 -1.740641495191734E-002
 -9.965813554401559E-002
